<shapes type=list>
	<scaling type=logical names=FALSE length=1 as.numeric=FALSE >NA</scaling>
	<landmarks.pixel type=matrix rownames=TRUE colnames=FALSE nrow=15 ncol=2 as.numeric=TRUE >
		pectoral_dors	165	217
		pectoral_vent	178	243
		premax_post	41	216
		upper_jaw	20	204
		dorsal_ant	313	112
		dorsal_post	448	191
		caud_pedunc_dors	491	200
		caud_scale_dors	514	180
		caud_scale_vent	517	247
		caud_pedunc_vent	493	223
		anal_post	451	231
		anal_ant	323	304
		lower_jaw	20	222
		operc_vent	157	221
		oper_dor	172	170
	</landmarks.pixel>
	<curves.control type=list>
		<head type=matrix rownames=FALSE colnames=FALSE nrow=15 ncol=2 as.numeric=TRUE >
			20	204
			31	190
			55	175
			76	157
			100	142
			125	128
			145	122
			172	113
			187	109
			217	109
			247	109
			269	110
			295	110
			306	113
			313	112
		</head>
		<dorsal type=matrix rownames=FALSE colnames=FALSE nrow=7 ncol=2 as.numeric=TRUE >
			313	112
			335	120
			360	127
			382	140
			402	153
			419	166
			448	191
		</dorsal>
		<caudal_dors_ant type=matrix rownames=FALSE colnames=FALSE nrow=5 ncol=2 as.numeric=TRUE >
			448	191
			460	196
			474	199
			484	201
			491	200
		</caudal_dors_ant>
		<caud_dors_post type=matrix rownames=FALSE colnames=FALSE nrow=5 ncol=2 as.numeric=TRUE >
			491	200
			497	193
			504	188
			508	183
			514	180
		</caud_dors_post>
		<caud_vent_post type=matrix rownames=FALSE colnames=FALSE nrow=5 ncol=2 as.numeric=TRUE >
			517	247
			509	239
			504	234
			499	230
			493	223
		</caud_vent_post>
		<caudal_vent_ant type=matrix rownames=FALSE colnames=FALSE nrow=5 ncol=2 as.numeric=TRUE >
			493	223
			483	224
			474	225
			462	228
			451	231
		</caudal_vent_ant>
		<anal type=matrix rownames=FALSE colnames=FALSE nrow=7 ncol=2 as.numeric=TRUE >
			451	231
			439	238
			411	256
			382	274
			351	289
			335	298
			323	304
		</anal>
		<ventral_body type=matrix rownames=FALSE colnames=FALSE nrow=19 ncol=2 as.numeric=TRUE >
			323	304
			309	307
			302	314
			302	329
			288	343
			278	353
			262	350
			241	345
			190	332
			151	315
			126	304
			96	292
			80	284
			70	278
			53	266
			40	255
			29	241
			25	233
			20	222
		</ventral_body>
		<operculum type=matrix rownames=FALSE colnames=FALSE nrow=5 ncol=2 as.numeric=TRUE >
			157	221
			161	210
			165	198
			169	187
			172	170
		</operculum>
	</curves.control>
	<curves.pixel type=list>
		<head type=matrix rownames=FALSE colnames=FALSE nrow=304 ncol=2 as.numeric=TRUE >
			20	204
			20	203
			21	203
			21	202
			22	202
			23	201
			23	200
			24	200
			24	199
			25	198
			26	197
			27	196
			28	195
			29	194
			30	194
			30	193
			31	192
			32	191
			33	191
			34	190
			35	189
			36	188
			37	188
			38	187
			39	186
			40	185
			41	185
			42	184
			43	183
			44	182
			45	182
			46	181
			47	180
			48	179
			49	179
			50	178
			51	178
			51	177
			52	177
			53	176
			54	176
			54	175
			55	175
			56	174
			57	173
			58	172
			59	172
			60	171
			61	170
			62	170
			62	169
			63	168
			64	168
			65	167
			66	166
			67	165
			68	164
			69	163
			70	163
			71	162
			72	161
			73	160
			74	160
			75	159
			76	158
			77	157
			78	157
			79	156
			80	155
			81	154
			82	154
			83	153
			84	152
			85	152
			86	151
			87	150
			88	150
			89	149
			90	149
			91	148
			92	147
			93	146
			94	146
			95	145
			96	145
			97	144
			98	144
			99	143
			99	142
			100	142
			101	141
			102	141
			103	140
			104	140
			105	139
			106	139
			107	138
			108	138
			109	137
			110	137
			111	136
			112	136
			113	135
			114	135
			115	134
			116	134
			116	133
			117	133
			118	133
			119	132
			120	132
			121	131
			122	131
			123	130
			124	130
			125	129
			126	129
			127	128
			128	128
			129	128
			130	127
			131	127
			132	126
			133	126
			134	126
			135	125
			136	125
			137	125
			138	124
			139	124
			140	124
			141	123
			142	123
			143	123
			144	122
			145	122
			146	122
			147	121
			148	121
			149	121
			150	120
			151	120
			152	120
			153	119
			154	119
			155	119
			156	118
			157	118
			158	118
			159	117
			160	117
			161	117
			162	116
			163	116
			164	116
			165	115
			166	115
			167	115
			168	115
			169	114
			170	114
			171	114
			172	113
			173	113
			174	113
			175	112
			176	112
			177	112
			178	112
			179	111
			180	111
			181	111
			182	110
			183	110
			184	110
			185	109
			186	109
			187	109
			188	109
			189	109
			190	109
			191	109
			192	109
			193	109
			194	109
			195	109
			196	109
			197	109
			198	109
			199	109
			200	109
			201	109
			202	109
			203	109
			204	109
			205	109
			206	109
			207	109
			208	109
			209	109
			210	109
			211	109
			212	109
			213	109
			214	109
			215	109
			216	109
			217	109
			218	109
			219	109
			220	109
			221	109
			222	109
			223	109
			224	109
			225	109
			226	109
			227	109
			228	109
			229	109
			230	109
			231	109
			232	109
			233	109
			234	109
			235	109
			236	109
			237	109
			238	109
			239	109
			240	109
			241	109
			242	109
			243	109
			244	109
			245	109
			246	109
			247	109
			248	109
			249	109
			250	109
			251	109
			252	109
			253	109
			254	109
			255	109
			256	109
			257	109
			258	109
			259	109
			260	110
			261	110
			262	110
			263	110
			264	110
			265	110
			266	110
			267	110
			268	110
			269	110
			270	110
			271	110
			272	110
			273	110
			274	110
			275	110
			276	110
			277	110
			278	110
			279	110
			280	110
			281	110
			282	110
			283	110
			284	110
			285	110
			286	110
			287	110
			288	110
			289	110
			290	110
			291	110
			292	110
			293	110
			294	110
			295	110
			296	110
			297	111
			298	111
			299	111
			300	111
			301	111
			302	112
			303	112
			304	112
			305	112
			306	112
			307	112
			308	112
			309	112
			310	112
			311	112
			312	112
			313	112
		</head>
		<dorsal type=matrix rownames=FALSE colnames=FALSE nrow=146 ncol=2 as.numeric=TRUE >
			313	112
			314	112
			315	113
			316	113
			317	114
			318	114
			319	114
			320	115
			321	115
			322	115
			323	116
			324	116
			325	116
			326	117
			327	117
			328	117
			329	117
			329	118
			330	118
			331	118
			332	119
			333	119
			334	119
			335	120
			336	120
			337	120
			338	120
			338	121
			339	121
			340	121
			341	121
			341	122
			342	122
			343	122
			344	122
			345	122
			345	123
			346	123
			347	123
			348	123
			348	124
			349	124
			350	124
			351	124
			352	125
			353	125
			354	125
			355	126
			356	126
			357	126
			358	126
			359	127
			360	127
			361	128
			362	128
			363	129
			364	129
			364	130
			365	130
			366	131
			367	131
			368	132
			369	132
			369	133
			370	133
			371	134
			372	134
			373	135
			374	135
			375	136
			376	137
			377	137
			378	138
			379	139
			380	139
			381	140
			382	140
			383	141
			384	142
			385	142
			386	143
			387	143
			388	144
			389	145
			390	145
			391	146
			392	147
			393	147
			394	148
			395	148
			396	149
			397	150
			398	150
			399	151
			400	151
			401	152
			402	153
			403	154
			404	155
			405	155
			406	156
			407	157
			408	158
			409	159
			410	159
			411	160
			412	161
			413	162
			414	162
			415	163
			416	164
			417	165
			418	166
			419	167
			420	167
			421	168
			421	169
			422	169
			423	170
			424	171
			425	171
			426	172
			427	173
			428	174
			429	175
			430	176
			431	177
			432	178
			433	178
			434	179
			435	180
			436	181
			437	182
			438	182
			439	183
			440	184
			440	185
			441	185
			442	186
			443	187
			444	187
			445	188
			446	189
			446	190
			447	190
			448	191
		</dorsal>
		<caudal_dors_ant type=matrix rownames=FALSE colnames=FALSE nrow=44 ncol=2 as.numeric=TRUE >
			448	191
			449	191
			450	192
			451	192
			452	193
			453	193
			454	193
			455	194
			456	194
			457	194
			458	195
			459	195
			460	195
			461	196
			462	196
			463	196
			464	197
			465	197
			466	197
			467	197
			468	198
			469	198
			470	198
			471	198
			472	199
			473	199
			474	199
			475	199
			476	199
			477	200
			478	200
			479	200
			480	200
			481	200
			482	200
			483	200
			484	200
			485	200
			486	200
			487	200
			488	200
			489	200
			490	200
			491	200
		</caudal_dors_ant>
		<caud_dors_post type=matrix rownames=FALSE colnames=FALSE nrow=27 ncol=2 as.numeric=TRUE >
			491	200
			492	199
			493	198
			493	197
			494	196
			495	196
			496	195
			497	194
			498	193
			498	192
			499	192
			500	191
			501	190
			502	190
			503	189
			504	188
			505	187
			506	186
			507	185
			508	184
			509	183
			510	183
			510	182
			511	182
			512	181
			513	180
			514	180
		</caud_dors_post>
		<caud_vent_post type=matrix rownames=FALSE colnames=FALSE nrow=26 ncol=2 as.numeric=TRUE >
			517	247
			516	246
			515	245
			514	244
			513	243
			512	242
			511	241
			510	240
			509	239
			508	238
			507	237
			506	236
			505	235
			504	234
			503	233
			502	233
			501	232
			500	231
			500	230
			499	229
			498	228
			497	227
			496	226
			495	225
			494	224
			493	223
		</caud_vent_post>
		<caudal_vent_ant type=matrix rownames=FALSE colnames=FALSE nrow=45 ncol=2 as.numeric=TRUE >
			493	223
			492	223
			491	223
			490	223
			489	223
			488	223
			487	224
			486	224
			485	224
			484	224
			483	224
			482	224
			481	224
			480	224
			479	224
			478	225
			477	225
			476	225
			475	225
			474	225
			473	225
			472	226
			471	226
			470	226
			469	226
			468	226
			468	227
			467	227
			466	227
			465	227
			464	228
			463	228
			462	228
			461	228
			460	228
			460	229
			459	229
			458	229
			457	229
			456	230
			455	230
			454	230
			453	230
			452	231
			451	231
		</caudal_vent_ant>
		<anal type=matrix rownames=FALSE colnames=FALSE nrow=136 ncol=2 as.numeric=TRUE >
			451	231
			450	232
			449	232
			448	233
			447	234
			446	234
			445	234
			444	235
			443	236
			442	236
			441	237
			440	238
			439	238
			438	239
			437	240
			436	240
			435	241
			434	241
			434	242
			433	242
			432	242
			432	243
			431	243
			430	244
			429	244
			428	245
			427	246
			426	246
			425	247
			424	248
			423	248
			422	249
			421	250
			420	250
			419	251
			418	252
			417	252
			416	253
			415	254
			414	254
			413	255
			412	255
			412	256
			411	256
			410	257
			409	257
			408	258
			407	258
			406	259
			405	259
			404	260
			404	261
			403	261
			402	262
			401	262
			400	263
			399	263
			398	264
			397	264
			396	265
			395	266
			394	266
			393	267
			392	267
			391	268
			390	269
			389	269
			388	270
			387	270
			386	271
			385	271
			384	272
			383	272
			382	273
			381	273
			380	274
			379	275
			378	275
			377	276
			376	276
			375	277
			374	277
			373	278
			372	279
			371	279
			370	279
			370	280
			369	280
			368	280
			367	281
			366	281
			365	282
			364	283
			363	283
			362	283
			361	284
			360	285
			359	285
			358	286
			357	286
			356	287
			355	287
			354	288
			353	288
			352	289
			351	289
			350	289
			350	290
			349	290
			348	291
			347	291
			346	292
			345	292
			344	293
			343	293
			342	294
			341	294
			340	295
			339	295
			338	296
			337	296
			337	297
			336	297
			335	298
			334	298
			333	299
			332	299
			331	300
			330	300
			329	301
			328	302
			327	302
			326	303
			325	303
			324	304
			323	304
		</anal>
		<ventral_body type=matrix rownames=FALSE colnames=FALSE nrow=344 ncol=2 as.numeric=TRUE >
			323	304
			322	304
			321	304
			320	305
			319	305
			318	305
			317	305
			317	306
			316	306
			315	306
			314	307
			313	307
			312	308
			311	308
			310	308
			310	309
			309	309
			308	309
			307	310
			306	311
			305	311
			304	312
			303	313
			302	314
			302	315
			302	316
			302	317
			302	318
			302	319
			301	320
			301	321
			301	322
			301	323
			301	324
			300	324
			300	325
			300	326
			299	327
			299	328
			298	329
			298	330
			298	331
			297	332
			296	333
			295	334
			295	335
			294	336
			293	337
			292	338
			292	339
			291	340
			290	341
			289	342
			288	343
			287	344
			286	345
			285	346
			284	346
			283	347
			282	348
			281	348
			280	349
			279	349
			278	349
			277	350
			276	350
			275	350
			274	350
			273	350
			272	351
			271	351
			270	351
			269	351
			268	351
			267	351
			266	351
			265	350
			264	350
			263	350
			262	350
			261	350
			260	349
			259	349
			258	349
			257	349
			256	349
			255	348
			254	348
			253	348
			252	348
			251	347
			250	347
			249	347
			248	347
			247	346
			246	346
			245	346
			244	346
			243	345
			242	345
			241	345
			240	345
			239	344
			238	344
			237	344
			236	344
			235	343
			234	343
			233	343
			232	343
			231	342
			230	342
			229	342
			228	342
			227	341
			226	341
			225	341
			224	341
			223	340
			222	340
			221	340
			220	340
			219	339
			218	339
			217	339
			216	339
			215	338
			214	338
			213	338
			212	338
			212	337
			211	337
			210	337
			209	337
			208	337
			207	336
			206	336
			205	336
			204	336
			203	335
			202	335
			201	335
			200	335
			199	334
			198	334
			197	334
			196	333
			195	333
			194	333
			193	333
			192	333
			191	332
			190	332
			189	332
			188	331
			187	331
			186	330
			185	330
			184	329
			183	329
			182	329
			181	328
			180	328
			179	327
			178	327
			177	326
			176	326
			175	325
			174	325
			173	325
			172	324
			171	324
			170	323
			169	323
			168	322
			167	322
			166	322
			166	321
			165	321
			164	321
			163	320
			162	320
			161	319
			160	319
			159	318
			158	318
			157	318
			156	317
			155	317
			154	316
			153	316
			152	315
			151	315
			150	315
			149	314
			148	314
			147	313
			146	313
			145	312
			144	312
			143	311
			142	311
			141	310
			140	310
			139	310
			138	309
			137	309
			136	308
			135	308
			134	308
			133	307
			132	307
			131	306
			130	306
			129	305
			128	305
			127	305
			127	304
			126	304
			125	304
			124	303
			123	303
			122	302
			121	302
			120	302
			119	301
			118	301
			117	300
			116	300
			115	299
			114	299
			113	299
			112	298
			111	298
			110	298
			109	297
			108	297
			107	296
			106	296
			105	295
			104	295
			103	294
			102	294
			101	294
			100	293
			99	293
			98	292
			97	292
			96	292
			95	291
			94	291
			94	290
			93	290
			92	290
			91	289
			90	289
			89	288
			88	288
			87	287
			86	287
			85	287
			84	286
			83	285
			82	285
			81	284
			80	284
			79	284
			79	283
			78	283
			77	282
			76	281
			75	281
			74	280
			73	280
			73	279
			72	279
			71	278
			70	278
			69	277
			68	276
			67	276
			66	275
			65	275
			64	274
			63	273
			62	273
			61	272
			60	271
			59	270
			58	270
			57	269
			56	268
			55	267
			54	266
			53	266
			52	265
			51	264
			50	263
			49	263
			48	262
			47	261
			47	260
			46	259
			45	259
			44	258
			43	257
			42	256
			42	255
			41	255
			40	254
			39	253
			38	252
			38	251
			37	250
			36	249
			35	248
			34	248
			34	247
			33	246
			32	245
			31	244
			31	243
			30	242
			29	241
			28	240
			28	239
			27	238
			27	237
			27	236
			26	236
			26	235
			26	234
			25	233
			25	232
			24	231
			24	230
			23	229
			23	228
			22	227
			22	226
			21	225
			21	224
			20	223
			20	222
		</ventral_body>
		<operculum type=matrix rownames=FALSE colnames=FALSE nrow=52 ncol=2 as.numeric=TRUE >
			157	221
			157	220
			158	219
			158	218
			159	217
			159	216
			159	215
			160	214
			160	213
			160	212
			161	211
			161	210
			161	209
			162	208
			162	207
			162	206
			163	205
			163	204
			163	203
			164	202
			164	201
			164	200
			165	199
			165	198
			165	197
			166	196
			166	195
			167	194
			167	193
			167	192
			167	191
			168	190
			168	189
			168	188
			168	187
			169	186
			169	185
			169	184
			169	183
			170	182
			170	181
			170	180
			170	179
			171	178
			171	177
			171	176
			171	175
			171	174
			171	173
			172	172
			172	171
			172	170
		</operculum>
	</curves.pixel>
</shapes>

