<shapes type=list>
	<scaling type=logical names=FALSE length=1 as.numeric=FALSE >NA</scaling>
	<landmarks.pixel type=matrix rownames=TRUE colnames=FALSE nrow=15 ncol=2 as.numeric=TRUE >
		pectoral_dors	165	205
		pectoral_vent	186	246
		premax_post	44	224
		upper_jaw	22	214
		dorsal_ant	390	77
		dorsal_post	432	128
		caud_pedunc_dors	467	158
		caud_scale_dors	512	165
		caud_scale_vent	515	216
		caud_pedunc_vent	475	226
		anal_post	441	252
		anal_ant	409	303
		lower_jaw	32	245
		operc_vent	146	221
		oper_dor	156	187
	</landmarks.pixel>
	<curves.control type=list>
		<head type=matrix rownames=FALSE colnames=FALSE nrow=23 ncol=2 as.numeric=TRUE >
			22	214
			34	207
			43	195
			56	190
			62	175
			75	154
			84	137
			89	116
			101	96
			124	78
			138	71
			142	72
			147	79
			163	79
			199	65
			221	56
			256	52
			282	51
			320	51
			347	54
			370	61
			381	70
			390	77
		</head>
		<dorsal type=matrix rownames=FALSE colnames=FALSE nrow=3 ncol=2 as.numeric=TRUE >
			390	77
			410	106
			432	128
		</dorsal>
		<caudal_dors_ant type=matrix rownames=FALSE colnames=FALSE nrow=5 ncol=2 as.numeric=TRUE >
			432	128
			439	135
			447	142
			457	149
			467	158
		</caudal_dors_ant>
		<caud_dors_post type=matrix rownames=FALSE colnames=FALSE nrow=5 ncol=2 as.numeric=TRUE >
			467	158
			483	161
			496	160
			503	162
			512	165
		</caud_dors_post>
		<caud_vent_post type=matrix rownames=FALSE colnames=FALSE nrow=5 ncol=2 as.numeric=TRUE >
			515	216
			503	219
			494	223
			485	224
			475	226
		</caud_vent_post>
		<caudal_vent_ant type=matrix rownames=FALSE colnames=FALSE nrow=5 ncol=2 as.numeric=TRUE >
			475	226
			463	234
			451	240
			444	246
			441	252
		</caudal_vent_ant>
		<anal type=matrix rownames=FALSE colnames=FALSE nrow=5 ncol=2 as.numeric=TRUE >
			441	252
			437	258
			425	276
			412	294
			409	303
		</anal>
		<ventral_body type=matrix rownames=FALSE colnames=FALSE nrow=15 ncol=2 as.numeric=TRUE >
			409	303
			412	311
			411	320
			396	329
			357	350
			284	366
			217	361
			172	342
			151	327
			108	292
			82	272
			66	256
			54	253
			43	256
			32	245
		</ventral_body>
		<operculum type=matrix rownames=FALSE colnames=FALSE nrow=5 ncol=2 as.numeric=TRUE >
			146	221
			143	212
			144	201
			148	194
			156	187
		</operculum>
	</curves.control>
	<curves.pixel type=list>
		<head type=matrix rownames=FALSE colnames=FALSE nrow=425 ncol=2 as.numeric=TRUE >
			22	214
			23	214
			23	213
			24	213
			25	212
			26	211
			27	211
			28	210
			29	209
			30	208
			31	207
			32	207
			33	206
			34	205
			35	204
			36	203
			37	202
			38	201
			39	200
			40	199
			41	198
			42	197
			42	196
			43	195
			44	195
			45	194
			46	194
			47	193
			48	193
			49	192
			50	191
			51	190
			52	190
			53	189
			54	188
			54	187
			55	186
			56	185
			57	185
			57	184
			58	183
			59	182
			59	181
			60	180
			60	179
			61	178
			61	177
			62	176
			62	175
			63	174
			63	173
			64	172
			64	171
			65	171
			65	170
			66	169
			66	168
			67	167
			68	166
			68	165
			69	164
			69	163
			70	162
			70	161
			71	160
			72	159
			72	158
			73	157
			74	156
			74	155
			75	154
			75	153
			76	152
			76	151
			77	150
			77	149
			78	148
			79	147
			79	146
			80	145
			80	144
			81	143
			81	142
			82	141
			83	140
			83	139
			84	138
			84	137
			84	136
			84	135
			85	134
			85	133
			85	132
			86	131
			86	130
			86	129
			86	128
			87	127
			87	126
			87	125
			88	125
			88	124
			88	123
			89	122
			89	121
			89	120
			90	119
			90	118
			90	117
			91	116
			91	115
			92	114
			92	113
			93	112
			93	111
			94	110
			94	109
			95	108
			95	107
			96	106
			96	105
			96	104
			97	103
			98	102
			98	101
			99	100
			99	99
			100	98
			100	97
			101	96
			102	95
			103	95
			104	94
			105	93
			106	92
			107	91
			108	91
			109	90
			110	89
			111	88
			112	88
			113	87
			114	86
			115	86
			116	85
			117	84
			118	83
			119	82
			120	82
			121	81
			122	81
			122	80
			123	80
			124	80
			124	79
			125	79
			125	78
			126	78
			127	78
			127	77
			128	77
			129	76
			130	76
			131	75
			132	74
			133	74
			134	73
			135	72
			136	72
			137	71
			138	71
			139	71
			140	72
			141	72
			142	73
			143	74
			144	75
			145	76
			145	77
			146	78
			147	79
			148	79
			149	79
			150	79
			151	79
			152	79
			153	79
			154	78
			155	78
			156	78
			157	78
			158	78
			159	78
			160	77
			161	77
			162	77
			163	77
			164	77
			165	76
			166	76
			167	76
			168	76
			169	75
			170	75
			171	75
			172	74
			173	74
			174	74
			175	73
			176	73
			177	73
			178	73
			179	72
			180	72
			181	71
			182	71
			183	71
			184	70
			185	70
			186	70
			187	69
			188	69
			189	69
			190	69
			191	68
			192	68
			193	67
			194	67
			195	66
			196	66
			197	66
			198	65
			199	65
			200	64
			201	64
			202	64
			203	64
			204	63
			205	63
			206	62
			207	62
			208	62
			209	61
			210	61
			211	61
			212	60
			213	60
			214	60
			215	60
			216	59
			217	59
			218	59
			219	58
			220	58
			221	58
			222	58
			223	57
			224	57
			225	57
			226	57
			227	57
			228	56
			229	56
			230	56
			231	56
			232	56
			233	55
			234	55
			235	55
			236	55
			237	55
			238	54
			239	54
			240	54
			241	54
			242	54
			243	54
			244	54
			245	53
			246	53
			247	53
			248	53
			249	53
			250	53
			251	53
			252	52
			253	52
			254	52
			255	52
			256	52
			257	52
			258	52
			259	52
			260	52
			261	52
			262	52
			263	52
			264	52
			265	52
			266	52
			267	52
			268	52
			269	52
			270	52
			271	52
			272	52
			273	51
			274	51
			275	51
			276	51
			277	51
			278	51
			279	51
			280	51
			281	51
			282	51
			283	51
			284	51
			285	51
			286	51
			287	51
			288	51
			289	51
			290	51
			291	51
			292	51
			293	51
			294	51
			295	51
			296	51
			297	51
			298	51
			299	51
			300	51
			301	51
			302	51
			303	51
			304	51
			305	51
			306	51
			307	51
			308	51
			309	51
			310	51
			311	51
			312	51
			313	51
			314	51
			315	51
			316	51
			317	51
			318	51
			319	51
			320	51
			321	51
			322	51
			323	51
			324	51
			325	52
			326	52
			327	52
			328	52
			329	52
			330	52
			331	52
			332	53
			333	53
			334	53
			335	53
			336	53
			337	53
			338	53
			339	54
			340	54
			341	54
			342	54
			343	54
			343	55
			344	55
			345	55
			346	55
			347	55
			348	55
			349	56
			350	56
			351	56
			352	56
			353	56
			354	57
			355	57
			356	57
			357	58
			358	58
			359	58
			360	58
			361	59
			362	59
			363	59
			364	59
			365	60
			366	60
			367	60
			368	60
			369	61
			370	61
			371	62
			372	63
			373	64
			374	65
			375	65
			376	66
			377	67
			378	68
			379	68
			380	69
			381	70
			382	71
			383	71
			384	72
			385	73
			386	74
			387	75
			388	76
			389	77
			390	77
		</head>
		<dorsal type=matrix rownames=FALSE colnames=FALSE nrow=55 ncol=2 as.numeric=TRUE >
			390	77
			391	78
			391	79
			392	80
			393	81
			394	82
			394	83
			395	84
			396	85
			397	86
			397	87
			398	88
			399	89
			400	90
			400	91
			401	92
			402	93
			403	94
			403	95
			404	96
			405	97
			406	98
			406	99
			407	100
			408	101
			409	102
			409	103
			410	104
			411	105
			412	106
			412	107
			413	108
			414	108
			415	109
			416	110
			416	111
			417	112
			418	113
			419	114
			419	115
			420	116
			421	116
			422	117
			423	118
			423	119
			424	120
			425	121
			426	121
			426	122
			427	123
			428	124
			429	125
			430	126
			431	127
			432	128
		</dorsal>
		<caudal_dors_ant type=matrix rownames=FALSE colnames=FALSE nrow=38 ncol=2 as.numeric=TRUE >
			432	128
			433	129
			434	130
			435	131
			436	132
			437	133
			438	134
			439	134
			439	135
			440	136
			441	137
			442	137
			443	138
			443	139
			444	140
			445	140
			446	141
			447	142
			448	142
			449	143
			450	144
			451	145
			452	145
			453	146
			454	147
			455	148
			456	149
			457	149
			458	150
			459	151
			460	152
			461	153
			462	154
			463	155
			464	156
			465	156
			466	157
			467	158
		</caudal_dors_ant>
		<caud_dors_post type=matrix rownames=FALSE colnames=FALSE nrow=47 ncol=2 as.numeric=TRUE >
			467	158
			468	158
			469	158
			470	159
			471	159
			472	159
			473	159
			474	159
			475	159
			476	159
			477	160
			478	160
			479	160
			480	160
			481	160
			482	160
			483	160
			484	160
			485	160
			486	160
			487	160
			488	160
			489	160
			490	160
			491	160
			492	160
			493	160
			494	160
			495	160
			496	160
			497	160
			498	160
			498	161
			499	161
			500	161
			501	161
			502	162
			503	162
			504	163
			505	163
			506	163
			507	163
			508	164
			509	164
			510	164
			511	165
			512	165
		</caud_dors_post>
		<caud_vent_post type=matrix rownames=FALSE colnames=FALSE nrow=42 ncol=2 as.numeric=TRUE >
			515	216
			514	216
			513	217
			512	217
			511	217
			510	217
			509	218
			508	218
			507	218
			506	218
			505	219
			504	219
			503	219
			502	220
			501	220
			500	220
			500	221
			499	221
			498	221
			497	222
			496	222
			495	223
			494	223
			493	223
			492	223
			491	223
			490	223
			489	224
			488	224
			487	224
			486	224
			485	224
			484	224
			483	225
			482	225
			481	225
			480	225
			479	225
			478	225
			477	226
			476	226
			475	226
		</caud_vent_post>
		<caudal_vent_ant type=matrix rownames=FALSE colnames=FALSE nrow=39 ncol=2 as.numeric=TRUE >
			475	226
			474	227
			473	227
			472	228
			471	229
			470	229
			469	230
			468	231
			467	231
			466	232
			465	232
			464	233
			463	233
			463	234
			462	234
			461	235
			460	235
			459	236
			458	236
			457	237
			456	237
			455	238
			454	238
			453	239
			452	239
			451	240
			450	241
			449	242
			448	243
			447	244
			446	245
			445	246
			445	247
			444	248
			443	248
			442	249
			442	250
			441	251
			441	252
		</caudal_vent_ant>
		<anal type=matrix rownames=FALSE colnames=FALSE nrow=55 ncol=2 as.numeric=TRUE >
			441	252
			440	253
			440	254
			439	255
			438	256
			437	257
			437	258
			436	259
			436	260
			435	261
			435	262
			434	263
			433	264
			432	265
			432	266
			431	267
			430	268
			430	269
			429	270
			429	271
			428	271
			428	272
			427	273
			426	274
			426	275
			425	275
			425	276
			424	277
			424	278
			423	279
			422	280
			421	281
			421	282
			420	283
			419	284
			419	285
			418	286
			418	287
			417	288
			416	289
			415	290
			415	291
			414	292
			414	293
			413	294
			413	295
			412	296
			411	297
			411	298
			411	299
			410	300
			410	301
			410	302
			409	302
			409	303
		</anal>
		<ventral_body type=matrix rownames=FALSE colnames=FALSE nrow=413 ncol=2 as.numeric=TRUE >
			409	303
			409	304
			410	305
			410	306
			410	307
			410	308
			411	309
			411	310
			411	311
			411	312
			411	313
			411	314
			411	315
			411	316
			411	317
			411	318
			411	319
			411	320
			410	321
			409	321
			408	322
			407	322
			406	323
			405	323
			404	324
			403	325
			402	325
			401	326
			400	326
			399	327
			398	327
			398	328
			397	328
			396	329
			395	329
			394	330
			393	330
			392	331
			391	332
			390	332
			389	333
			388	333
			387	334
			386	334
			385	335
			384	335
			383	336
			382	336
			381	337
			380	337
			379	338
			378	338
			378	339
			377	339
			376	340
			375	340
			374	341
			373	341
			372	342
			371	342
			370	343
			369	344
			368	344
			367	345
			366	345
			365	346
			364	346
			363	347
			362	347
			361	348
			360	349
			359	349
			358	350
			357	350
			356	350
			355	350
			354	351
			353	351
			352	351
			351	351
			350	352
			349	352
			348	352
			347	352
			346	352
			345	352
			345	353
			344	353
			343	353
			342	353
			341	353
			340	353
			339	354
			338	354
			337	354
			336	354
			335	354
			334	355
			333	355
			332	355
			331	355
			330	355
			329	355
			328	356
			327	356
			326	356
			325	356
			324	356
			323	356
			322	356
			321	357
			320	357
			319	357
			318	357
			317	357
			316	357
			315	358
			314	358
			313	358
			312	358
			311	358
			310	358
			309	358
			308	358
			307	359
			306	359
			305	359
			304	359
			303	359
			302	359
			301	359
			300	359
			299	359
			299	360
			298	360
			297	360
			296	360
			295	360
			294	360
			293	360
			292	360
			291	360
			290	360
			289	360
			288	361
			287	361
			286	361
			285	361
			284	361
			283	361
			282	361
			281	361
			280	361
			279	361
			278	361
			277	361
			276	361
			275	361
			274	362
			273	362
			272	362
			271	362
			270	362
			269	362
			268	362
			267	362
			266	362
			265	362
			264	362
			263	362
			262	362
			261	362
			260	362
			259	362
			258	362
			257	362
			256	362
			255	362
			254	362
			253	362
			252	362
			251	362
			250	362
			249	362
			248	362
			247	362
			246	362
			245	362
			244	362
			243	362
			242	362
			241	362
			240	362
			239	362
			238	362
			237	362
			236	362
			235	362
			234	362
			233	362
			232	362
			231	362
			230	362
			229	362
			228	362
			227	362
			226	362
			225	362
			224	361
			223	361
			222	361
			221	361
			220	361
			219	361
			218	361
			217	361
			216	361
			216	360
			215	360
			214	360
			213	359
			212	359
			211	358
			210	358
			209	358
			209	357
			208	357
			207	357
			206	356
			205	356
			204	355
			203	355
			202	355
			201	354
			200	353
			199	353
			198	353
			197	352
			196	352
			195	351
			194	351
			193	350
			192	350
			191	349
			190	349
			189	348
			188	348
			187	348
			186	347
			185	347
			184	346
			183	345
			182	345
			181	344
			180	344
			179	343
			178	343
			177	343
			176	342
			175	341
			174	341
			173	340
			172	340
			171	339
			170	338
			169	338
			168	338
			167	337
			166	337
			166	336
			165	336
			164	335
			163	335
			162	334
			161	334
			160	333
			159	332
			158	332
			157	331
			156	330
			155	330
			154	329
			153	329
			153	328
			152	327
			151	327
			150	326
			149	325
			148	324
			147	324
			146	323
			145	322
			144	321
			143	321
			142	320
			141	319
			140	318
			139	318
			138	317
			137	316
			137	315
			136	315
			135	314
			134	313
			133	312
			132	312
			131	311
			130	310
			129	310
			129	309
			128	308
			127	307
			126	307
			125	306
			124	305
			123	305
			123	304
			122	303
			121	303
			120	302
			119	301
			118	301
			118	300
			117	299
			116	299
			115	298
			114	297
			113	296
			112	295
			111	295
			110	294
			109	293
			108	292
			107	292
			106	291
			105	290
			104	289
			103	288
			102	287
			101	286
			100	286
			99	285
			98	285
			97	284
			96	283
			95	282
			94	282
			94	281
			93	280
			92	280
			91	279
			90	278
			89	277
			88	277
			87	276
			86	275
			85	274
			84	274
			83	273
			82	272
			81	271
			80	270
			79	269
			78	268
			77	267
			76	266
			75	265
			74	264
			73	264
			72	263
			71	262
			70	261
			69	260
			68	260
			67	259
			66	259
			65	258
			64	257
			63	257
			62	256
			61	256
			60	255
			59	255
			58	254
			57	254
			56	253
			55	253
			54	253
			53	253
			52	253
			51	254
			50	254
			49	254
			48	254
			47	254
			46	253
			45	253
			44	253
			43	252
			42	252
			41	252
			41	251
			40	251
			39	251
			39	250
			38	250
			37	250
			37	249
			36	249
			35	248
			34	247
			33	246
			32	245
		</ventral_body>
		<operculum type=matrix rownames=FALSE colnames=FALSE nrow=37 ncol=2 as.numeric=TRUE >
			146	221
			146	220
			145	219
			145	218
			145	217
			145	216
			145	215
			144	214
			144	213
			144	212
			144	211
			144	210
			144	209
			144	208
			144	207
			144	206
			144	205
			144	204
			144	203
			144	202
			144	201
			144	200
			145	199
			146	199
			146	198
			147	197
			147	196
			148	195
			149	194
			150	193
			150	192
			151	192
			152	191
			153	190
			154	189
			155	188
			156	187
		</operculum>
	</curves.pixel>
</shapes>

