<shapes type=list>
	<scaling type=logical names=FALSE length=1 as.numeric=FALSE >NA</scaling>
	<landmarks.pixel type=matrix rownames=TRUE colnames=FALSE nrow=15 ncol=2 as.numeric=TRUE >
		pectoral_dors	229	194
		pectoral_vent	271	249
		premax_post	35	214
		upper_jaw	21	209
		dorsal_ant	397	92
		dorsal_post	438	122
		caud_pedunc_dors	487	146
		caud_scale_dors	569	147
		caud_scale_vent	568	266
		caud_pedunc_vent	515	276
		anal_post	486	292
		anal_ant	441	320
		lower_jaw	21	224
		operc_vent	220	219
		oper_dor	225	165
	</landmarks.pixel>
	<curves.control type=list>
		<head type=matrix rownames=FALSE colnames=FALSE nrow=15 ncol=2 as.numeric=TRUE >
			21	209
			30	189
			74	174
			103	159
			128	139
			148	114
			172	115
			186	113
			214	102
			239	95
			290	94
			319	89
			361	92
			383	94
			397	92
		</head>
		<dorsal type=matrix rownames=FALSE colnames=FALSE nrow=3 ncol=2 as.numeric=TRUE >
			397	92
			421	107
			438	122
		</dorsal>
		<caudal_dors_ant type=matrix rownames=FALSE colnames=FALSE nrow=5 ncol=2 as.numeric=TRUE >
			438	122
			443	130
			456	138
			471	142
			487	146
		</caudal_dors_ant>
		<caud_dors_post type=matrix rownames=FALSE colnames=FALSE nrow=5 ncol=2 as.numeric=TRUE >
			487	146
			503	151
			521	154
			544	160
			569	147
		</caud_dors_post>
		<caud_vent_post type=matrix rownames=FALSE colnames=FALSE nrow=5 ncol=2 as.numeric=TRUE >
			568	266
			552	265
			533	269
			523	273
			515	276
		</caud_vent_post>
		<caudal_vent_ant type=matrix rownames=FALSE colnames=FALSE nrow=3 ncol=2 as.numeric=TRUE >
			515	276
			499	284
			486	292
		</caudal_vent_ant>
		<anal type=matrix rownames=FALSE colnames=FALSE nrow=3 ncol=2 as.numeric=TRUE >
			486	292
			464	303
			441	320
		</anal>
		<ventral_body type=matrix rownames=FALSE colnames=FALSE nrow=15 ncol=2 as.numeric=TRUE >
			441	320
			418	335
			392	348
			341	361
			278	356
			210	336
			166	318
			134	301
			120	287
			88	272
			59	259
			31	244
			22	236
			20	230
			21	224
		</ventral_body>
		<operculum type=matrix rownames=FALSE colnames=FALSE nrow=5 ncol=2 as.numeric=TRUE >
			220	219
			215	203
			216	189
			220	177
			225	165
		</operculum>
	</curves.control>
	<curves.pixel type=list>
		<head type=matrix rownames=FALSE colnames=FALSE nrow=397 ncol=2 as.numeric=TRUE >
			21	209
			21	208
			22	208
			22	207
			22	206
			23	206
			23	205
			24	204
			25	203
			26	202
			26	201
			27	200
			28	199
			29	198
			30	197
			31	196
			32	195
			33	194
			34	193
			35	193
			36	192
			37	192
			37	191
			38	191
			39	190
			40	190
			40	189
			41	189
			42	188
			43	188
			44	187
			45	187
			46	186
			47	186
			47	185
			48	185
			49	184
			50	184
			51	183
			52	183
			53	182
			54	182
			55	181
			56	181
			57	181
			57	180
			58	180
			59	180
			60	179
			61	179
			62	178
			63	178
			64	178
			65	177
			66	177
			67	176
			68	176
			69	176
			70	175
			71	175
			72	175
			73	174
			74	174
			75	174
			75	173
			76	173
			77	173
			78	172
			79	171
			80	171
			81	170
			82	170
			83	169
			84	169
			85	168
			86	167
			87	167
			88	166
			89	166
			90	165
			91	164
			92	164
			93	163
			94	163
			95	162
			96	161
			97	161
			98	160
			99	159
			100	159
			101	158
			102	157
			103	157
			104	156
			105	156
			106	155
			107	154
			108	154
			109	153
			110	152
			111	152
			112	151
			113	150
			114	149
			115	149
			116	148
			117	147
			118	147
			119	146
			120	145
			121	145
			122	144
			123	143
			124	142
			125	142
			125	141
			126	140
			127	140
			128	139
			129	138
			130	137
			130	136
			131	135
			132	134
			133	134
			133	133
			134	132
			135	131
			136	131
			136	130
			137	129
			138	128
			139	128
			140	127
			140	126
			141	126
			142	125
			143	125
			143	124
			144	123
			145	123
			146	122
			147	122
			147	121
			148	121
			149	120
			150	120
			151	120
			151	119
			152	119
			153	119
			154	118
			155	118
			156	118
			156	117
			157	117
			158	117
			159	116
			160	116
			161	116
			162	116
			163	116
			164	115
			165	115
			166	115
			167	115
			168	115
			169	115
			170	115
			171	115
			172	115
			173	115
			174	115
			175	114
			176	114
			177	114
			178	114
			179	114
			180	113
			181	113
			182	113
			183	113
			184	112
			185	112
			186	112
			187	111
			188	111
			189	111
			190	111
			191	110
			192	110
			193	110
			194	109
			195	109
			196	109
			197	108
			198	108
			199	108
			200	107
			201	107
			202	107
			203	106
			204	106
			205	105
			206	105
			207	105
			208	104
			209	104
			210	103
			211	103
			212	103
			213	102
			214	102
			215	102
			216	101
			217	101
			218	101
			219	101
			220	101
			220	100
			221	100
			222	100
			223	100
			224	100
			225	99
			226	99
			227	99
			228	99
			229	99
			230	99
			231	98
			232	98
			233	98
			234	98
			235	98
			236	98
			237	97
			238	97
			239	97
			240	97
			241	97
			242	97
			243	97
			244	97
			245	97
			246	96
			247	96
			248	96
			249	96
			250	96
			251	96
			252	96
			253	96
			254	96
			255	96
			256	96
			257	95
			258	95
			259	95
			260	95
			261	95
			262	95
			263	95
			264	95
			265	95
			266	95
			267	95
			268	95
			269	95
			270	95
			271	95
			272	95
			273	95
			274	94
			275	94
			276	94
			277	94
			278	94
			279	94
			280	94
			281	94
			282	94
			283	94
			284	94
			285	94
			286	94
			287	94
			288	94
			289	94
			290	94
			291	94
			292	94
			293	93
			294	93
			295	93
			296	93
			297	93
			298	93
			299	93
			300	93
			301	92
			302	92
			303	92
			304	92
			305	92
			306	92
			307	92
			308	92
			309	92
			310	92
			311	92
			312	91
			313	91
			314	91
			315	91
			316	91
			317	91
			318	91
			319	91
			320	91
			321	91
			322	91
			323	91
			324	91
			325	91
			326	91
			327	91
			328	91
			329	91
			330	91
			331	91
			332	91
			333	91
			334	91
			335	91
			336	91
			337	91
			338	91
			339	91
			340	91
			341	91
			342	91
			343	91
			344	91
			345	91
			346	91
			347	91
			348	91
			349	91
			350	91
			351	91
			352	91
			353	91
			354	92
			355	92
			356	92
			357	92
			358	92
			359	92
			360	92
			361	92
			362	92
			363	92
			364	92
			365	92
			366	92
			367	92
			368	93
			369	93
			370	93
			371	93
			372	93
			373	93
			374	93
			375	93
			376	93
			377	93
			378	93
			379	93
			380	93
			381	93
			382	93
			383	93
			384	93
			385	93
			386	93
			387	93
			388	93
			389	93
			390	93
			391	93
			392	93
			393	92
			394	92
			395	92
			396	92
			397	92
		</head>
		<dorsal type=matrix rownames=FALSE colnames=FALSE nrow=43 ncol=2 as.numeric=TRUE >
			397	92
			398	93
			399	93
			400	94
			401	94
			402	95
			403	96
			404	97
			405	97
			406	98
			407	98
			407	99
			408	99
			409	100
			410	100
			411	101
			412	102
			413	103
			414	103
			415	104
			416	105
			417	106
			418	106
			419	107
			420	108
			421	108
			422	109
			423	110
			424	111
			425	111
			426	112
			427	113
			428	114
			429	114
			430	115
			431	116
			432	117
			433	118
			434	119
			435	120
			436	121
			437	122
			438	122
		</dorsal>
		<caudal_dors_ant type=matrix rownames=FALSE colnames=FALSE nrow=54 ncol=2 as.numeric=TRUE >
			438	122
			438	123
			439	123
			439	124
			440	124
			440	125
			441	126
			442	127
			443	128
			444	129
			445	130
			446	131
			447	131
			448	132
			448	133
			449	133
			450	134
			451	135
			452	136
			453	136
			454	137
			455	138
			456	138
			457	138
			458	139
			459	139
			460	139
			461	139
			462	140
			463	140
			464	140
			465	140
			466	141
			467	141
			468	141
			469	141
			470	142
			471	142
			472	142
			473	142
			474	143
			475	143
			476	143
			477	143
			478	144
			479	144
			480	144
			481	145
			482	145
			483	145
			484	145
			485	146
			486	146
			487	146
		</caudal_dors_ant>
		<caud_dors_post type=matrix rownames=FALSE colnames=FALSE nrow=87 ncol=2 as.numeric=TRUE >
			487	146
			488	146
			489	146
			489	147
			490	147
			491	147
			492	147
			492	148
			493	148
			494	148
			495	148
			496	149
			497	149
			498	149
			499	149
			500	150
			501	150
			502	150
			503	150
			504	151
			505	151
			506	151
			507	151
			508	151
			509	152
			510	152
			511	152
			512	152
			513	152
			514	153
			515	153
			516	153
			517	153
			518	153
			519	154
			520	154
			521	154
			522	154
			523	155
			524	155
			525	155
			526	155
			527	155
			528	155
			529	156
			530	156
			531	156
			532	156
			533	156
			534	156
			535	156
			536	156
			537	156
			538	156
			539	156
			540	156
			541	156
			542	156
			543	155
			544	155
			545	155
			546	155
			547	155
			548	155
			549	155
			550	154
			551	154
			552	154
			553	153
			554	153
			555	153
			556	153
			556	152
			557	152
			558	152
			559	152
			559	151
			560	151
			561	151
			562	150
			563	150
			564	149
			565	149
			566	149
			567	148
			568	147
			569	147
		</caud_dors_post>
		<caud_vent_post type=matrix rownames=FALSE colnames=FALSE nrow=57 ncol=2 as.numeric=TRUE >
			568	266
			567	266
			566	266
			565	266
			564	266
			563	266
			562	266
			561	266
			560	266
			559	266
			558	266
			557	266
			556	266
			555	266
			554	266
			553	266
			552	266
			551	266
			550	266
			549	266
			548	267
			547	267
			546	267
			545	267
			544	267
			543	267
			542	267
			541	267
			541	268
			540	268
			539	268
			538	268
			537	268
			536	268
			535	269
			534	269
			533	269
			532	269
			532	270
			531	270
			530	270
			529	271
			528	271
			527	271
			526	272
			525	272
			524	273
			523	273
			522	273
			521	274
			520	274
			519	274
			518	275
			517	275
			516	275
			516	276
			515	276
		</caud_vent_post>
		<caudal_vent_ant type=matrix rownames=FALSE colnames=FALSE nrow=30 ncol=2 as.numeric=TRUE >
			515	276
			514	276
			513	277
			512	277
			511	278
			510	278
			509	279
			508	279
			507	280
			506	281
			505	281
			504	282
			503	282
			502	283
			501	283
			500	284
			499	284
			498	285
			497	286
			496	286
			495	287
			494	287
			493	288
			492	289
			491	289
			490	290
			489	290
			488	291
			487	292
			486	292
		</caudal_vent_ant>
		<anal type=matrix rownames=FALSE colnames=FALSE nrow=47 ncol=2 as.numeric=TRUE >
			486	292
			485	292
			484	293
			483	294
			482	294
			481	295
			480	295
			479	296
			478	296
			477	297
			476	297
			475	298
			474	299
			473	299
			472	300
			471	300
			470	301
			469	302
			468	302
			467	303
			466	303
			465	304
			464	305
			463	305
			462	306
			461	306
			460	307
			459	308
			458	308
			457	309
			456	309
			455	310
			454	311
			453	311
			452	312
			451	313
			450	313
			449	314
			449	315
			448	315
			447	316
			446	316
			445	317
			444	318
			443	318
			442	319
			441	320
		</anal>
		<ventral_body type=matrix rownames=FALSE colnames=FALSE nrow=454 ncol=2 as.numeric=TRUE >
			441	320
			440	320
			440	321
			439	321
			438	322
			437	323
			436	323
			435	324
			434	324
			433	325
			432	326
			431	326
			430	327
			429	328
			428	328
			427	329
			426	330
			425	330
			424	331
			423	331
			422	332
			421	332
			420	333
			419	333
			418	334
			417	335
			416	335
			415	336
			414	336
			413	337
			412	337
			411	338
			410	338
			409	339
			408	339
			407	340
			406	340
			406	341
			405	341
			404	342
			403	342
			402	343
			401	343
			400	344
			399	344
			398	345
			397	345
			396	346
			395	346
			394	347
			393	347
			392	348
			391	348
			390	349
			389	349
			388	349
			387	349
			386	350
			385	350
			384	350
			383	350
			382	350
			381	351
			380	351
			379	351
			378	351
			377	351
			376	352
			375	352
			374	352
			373	352
			372	352
			371	353
			370	353
			369	353
			368	353
			367	353
			366	353
			365	354
			364	354
			363	354
			362	354
			361	354
			360	354
			359	354
			358	354
			357	355
			356	355
			355	355
			354	355
			353	355
			352	355
			351	355
			350	355
			349	355
			349	356
			348	356
			347	356
			346	356
			345	356
			344	356
			343	356
			342	356
			341	356
			340	356
			339	356
			338	357
			337	357
			336	357
			335	357
			334	357
			333	357
			332	357
			331	357
			330	357
			329	357
			328	357
			327	357
			326	357
			325	357
			324	357
			323	357
			322	357
			321	357
			320	357
			319	357
			318	357
			317	357
			316	357
			315	357
			314	357
			313	357
			312	357
			311	357
			310	357
			309	357
			308	357
			307	357
			306	357
			305	357
			304	357
			303	357
			302	357
			301	357
			300	357
			299	357
			298	357
			297	357
			296	357
			295	357
			294	357
			293	357
			292	357
			291	357
			290	357
			289	357
			288	357
			287	357
			286	357
			285	357
			284	356
			283	356
			282	356
			281	356
			280	356
			279	356
			278	356
			277	356
			276	355
			275	355
			274	355
			273	354
			272	354
			271	354
			270	353
			269	353
			268	353
			267	353
			266	352
			265	352
			264	352
			263	351
			262	351
			261	351
			260	351
			259	350
			258	350
			257	350
			256	349
			255	349
			254	349
			253	349
			253	348
			252	348
			251	348
			250	348
			249	347
			248	347
			247	346
			246	346
			245	346
			244	346
			243	345
			242	345
			241	345
			240	344
			239	344
			238	344
			237	343
			236	343
			235	343
			234	342
			233	342
			232	342
			231	342
			230	341
			229	341
			228	341
			227	340
			226	340
			225	340
			225	339
			224	339
			223	339
			222	338
			221	338
			220	338
			219	338
			218	337
			217	337
			216	337
			215	336
			214	336
			213	335
			212	335
			211	335
			210	335
			210	334
			209	334
			208	334
			207	333
			206	333
			205	333
			204	332
			203	332
			202	332
			201	331
			200	331
			199	331
			198	330
			197	330
			196	329
			195	329
			194	329
			193	328
			192	328
			191	328
			190	327
			189	327
			188	326
			187	326
			186	326
			185	325
			184	325
			183	325
			182	324
			181	324
			180	324
			179	323
			178	323
			177	322
			176	322
			175	322
			174	321
			173	321
			172	321
			172	320
			171	320
			170	320
			169	319
			168	319
			167	318
			166	318
			165	318
			165	317
			164	317
			163	316
			162	316
			161	315
			160	315
			159	314
			158	314
			158	313
			157	313
			156	313
			156	312
			155	312
			154	311
			153	311
			152	310
			151	310
			150	309
			149	308
			148	308
			147	307
			146	307
			146	306
			145	306
			144	306
			144	305
			143	305
			142	304
			141	304
			141	303
			140	303
			139	302
			138	301
			137	301
			136	300
			135	300
			135	299
			134	298
			133	298
			132	297
			131	296
			130	295
			129	295
			128	294
			127	294
			127	293
			126	292
			125	292
			124	291
			123	290
			122	289
			121	288
			120	287
			119	286
			118	286
			117	286
			116	285
			115	285
			114	284
			113	284
			112	283
			111	283
			110	282
			109	282
			108	282
			107	281
			106	281
			106	280
			105	280
			104	279
			103	279
			102	279
			101	278
			100	278
			99	277
			98	277
			97	276
			96	276
			95	276
			94	275
			93	274
			92	274
			91	273
			90	273
			89	273
			88	272
			87	272
			86	271
			85	271
			84	271
			84	270
			83	270
			82	269
			81	269
			80	268
			79	268
			78	268
			77	267
			76	267
			75	266
			74	266
			73	265
			72	265
			71	265
			71	264
			70	264
			69	263
			68	263
			67	263
			66	262
			65	262
			64	261
			63	261
			62	261
			61	260
			60	259
			59	259
			58	258
			57	258
			56	257
			55	257
			54	256
			53	256
			52	255
			51	255
			50	254
			49	253
			48	253
			47	252
			46	252
			45	252
			45	251
			44	251
			43	250
			42	250
			41	249
			40	248
			39	248
			38	247
			37	247
			36	246
			35	246
			35	245
			34	245
			33	244
			32	244
			32	243
			31	243
			30	242
			29	241
			28	240
			27	240
			26	239
			25	238
			24	237
			23	237
			22	236
			22	235
			22	234
			21	234
			21	233
			21	232
			21	231
			21	230
			21	229
			21	228
			21	227
			21	226
			21	225
			21	224
		</ventral_body>
		<operculum type=matrix rownames=FALSE colnames=FALSE nrow=58 ncol=2 as.numeric=TRUE >
			220	219
			220	218
			219	217
			219	216
			219	215
			219	214
			218	214
			218	213
			218	212
			218	211
			218	210
			217	209
			217	208
			217	207
			217	206
			217	205
			217	204
			216	203
			216	202
			216	201
			216	200
			216	199
			216	198
			216	197
			216	196
			216	195
			216	194
			216	193
			216	192
			216	191
			216	190
			216	189
			216	188
			217	187
			217	186
			217	185
			218	184
			218	183
			218	182
			219	181
			219	180
			219	179
			220	178
			220	177
			220	176
			221	175
			222	174
			222	173
			222	172
			222	171
			223	171
			223	170
			223	169
			224	169
			224	168
			224	167
			225	166
			225	165
		</operculum>
	</curves.pixel>
</shapes>

