<shapes type=list>
	<scaling type=logical names=FALSE length=1 as.numeric=FALSE >NA</scaling>
	<landmarks.pixel type=matrix rownames=TRUE colnames=FALSE nrow=15 ncol=2 as.numeric=TRUE >
		pectoral_dors	300	401
		pectoral_vent	325	444
		premax_post	100	468
		upper_jaw	68	464
		dorsal_ant	624	118
		dorsal_post	718	189
		caud_pedunc_dors	791	255
		caud_scale_dors	858	251
		caud_scale_vent	866	315
		caud_pedunc_vent	821	324
		anal_post	813	381
		anal_ant	769	476
		lower_jaw	88	497
		operc_vent	289	450
		oper_dor	280	369
	</landmarks.pixel>
	<curves.control type=list>
		<head type=matrix rownames=FALSE colnames=FALSE nrow=25 ncol=2 as.numeric=TRUE >
			68	464
			81	419
			90	396
			116	375
			129	335
			156	293
			160	271
			147	242
			161	191
			189	153
			215	164
			245	173
			270	130
			309	104
			331	89
			387	38
			458	38
			505	54
			516	53
			537	49
			566	65
			590	89
			601	108
			603	120
			624	118
		</head>
		<dorsal type=matrix rownames=FALSE colnames=FALSE nrow=5 ncol=2 as.numeric=TRUE >
			624	118
			650	129
			675	151
			692	164
			718	189
		</dorsal>
		<caudal_dors_ant type=matrix rownames=FALSE colnames=FALSE nrow=5 ncol=2 as.numeric=TRUE >
			718	189
			746	204
			764	212
			777	230
			791	255
		</caudal_dors_ant>
		<caud_dors_post type=matrix rownames=FALSE colnames=FALSE nrow=3 ncol=2 as.numeric=TRUE >
			791	255
			825	256
			858	251
		</caud_dors_post>
		<caud_vent_post type=matrix rownames=FALSE colnames=FALSE nrow=3 ncol=2 as.numeric=TRUE >
			866	315
			843	321
			821	324
		</caud_vent_post>
		<caudal_vent_ant type=matrix rownames=FALSE colnames=FALSE nrow=3 ncol=2 as.numeric=TRUE >
			821	324
			829	352
			813	381
		</caudal_vent_ant>
		<anal type=matrix rownames=FALSE colnames=FALSE nrow=3 ncol=2 as.numeric=TRUE >
			813	381
			797	428
			769	476
		</anal>
		<ventral_body type=matrix rownames=FALSE colnames=FALSE nrow=17 ncol=2 as.numeric=TRUE >
			769	476
			750	494
			735	519
			735	556
			689	616
			617	662
			475	666
			358	657
			274	631
			226	591
			189	562
			164	543
			141	543
			111	545
			99	533
			94	512
			88	497
		</ventral_body>
		<operculum type=matrix rownames=FALSE colnames=FALSE nrow=3 ncol=2 as.numeric=TRUE >
			289	450
			284	407
			280	369
		</operculum>
	</curves.control>
	<curves.pixel type=list>
		<head type=matrix rownames=FALSE colnames=FALSE nrow=788 ncol=2 as.numeric=TRUE >
			68	464
			68	463
			69	462
			69	461
			69	460
			69	459
			70	458
			70	457
			70	456
			71	455
			71	454
			71	453
			72	452
			72	451
			72	450
			73	449
			73	448
			73	447
			73	446
			74	445
			74	444
			74	443
			75	442
			75	441
			75	440
			76	439
			76	438
			76	437
			76	436
			77	435
			77	434
			77	433
			78	432
			78	431
			78	430
			79	429
			79	428
			79	427
			80	426
			80	425
			80	424
			81	423
			81	422
			81	421
			82	420
			82	419
			82	418
			83	417
			83	416
			83	415
			83	414
			84	413
			84	412
			84	411
			85	411
			85	410
			85	409
			86	408
			86	407
			86	406
			87	405
			87	404
			87	403
			88	402
			88	401
			88	400
			89	399
			89	398
			90	397
			90	396
			91	395
			92	394
			93	393
			94	393
			94	392
			95	392
			96	391
			97	390
			98	389
			99	388
			100	387
			100	386
			101	386
			102	385
			102	384
			103	383
			104	383
			104	382
			105	381
			106	380
			106	379
			107	378
			108	378
			108	377
			109	376
			110	375
			110	374
			111	373
			111	372
			112	371
			113	370
			113	369
			114	368
			114	367
			115	367
			116	366
			116	365
			117	364
			117	363
			118	362
			118	361
			119	360
			119	359
			120	358
			120	357
			121	356
			121	355
			122	354
			122	353
			122	352
			123	352
			123	351
			123	350
			124	349
			124	348
			125	347
			125	346
			126	345
			126	344
			126	343
			127	342
			127	341
			127	340
			128	339
			128	338
			128	337
			129	336
			129	335
			129	334
			130	334
			130	333
			131	332
			132	331
			132	330
			133	329
			133	328
			134	327
			135	326
			135	325
			136	324
			136	323
			137	322
			137	321
			138	321
			139	320
			139	319
			140	318
			140	317
			141	316
			141	315
			141	314
			142	314
			142	313
			143	312
			143	311
			144	310
			145	309
			145	308
			146	307
			146	306
			147	305
			147	304
			148	303
			148	302
			149	301
			149	300
			150	299
			150	298
			151	297
			151	296
			152	295
			152	294
			153	293
			153	292
			154	291
			154	290
			154	289
			155	288
			155	287
			156	286
			156	285
			156	284
			157	283
			157	282
			157	281
			158	280
			158	279
			158	278
			159	277
			159	276
			159	275
			159	274
			160	273
			160	272
			160	271
			160	270
			159	269
			159	268
			158	267
			158	266
			158	265
			157	264
			157	263
			157	262
			157	261
			156	260
			156	259
			156	258
			156	257
			155	256
			155	255
			155	254
			155	253
			155	252
			155	251
			154	250
			154	249
			154	248
			154	247
			154	246
			154	245
			154	244
			154	243
			154	242
			154	241
			154	240
			154	239
			154	238
			154	237
			154	236
			154	235
			154	234
			154	233
			154	232
			154	231
			154	230
			154	229
			154	228
			154	227
			154	226
			154	225
			155	224
			155	223
			155	222
			155	221
			155	220
			155	219
			155	218
			155	217
			156	216
			156	215
			156	214
			156	213
			156	212
			156	211
			157	210
			157	209
			157	208
			157	207
			157	206
			158	205
			158	204
			158	203
			158	202
			158	201
			159	200
			159	199
			159	198
			159	197
			160	196
			160	195
			160	194
			161	193
			161	192
			161	191
			162	190
			162	189
			163	188
			164	187
			165	186
			166	185
			167	184
			168	183
			169	182
			169	181
			170	180
			171	179
			172	178
			173	177
			174	176
			174	175
			175	175
			176	174
			177	173
			178	172
			179	172
			179	171
			180	170
			181	170
			182	169
			183	169
			184	168
			185	167
			186	166
			187	166
			188	165
			189	165
			190	164
			191	164
			192	164
			193	163
			194	163
			195	163
			196	162
			197	162
			198	162
			199	162
			200	162
			201	162
			202	162
			203	162
			204	162
			205	162
			206	162
			207	162
			208	162
			209	162
			210	162
			211	163
			212	163
			213	163
			214	163
			214	164
			215	164
			216	164
			217	165
			218	165
			219	165
			220	165
			221	165
			222	165
			223	165
			224	166
			225	166
			226	166
			227	166
			228	165
			229	165
			230	165
			231	165
			232	165
			233	165
			234	164
			235	164
			236	164
			237	163
			238	163
			239	162
			240	162
			241	162
			241	161
			242	161
			243	161
			244	160
			245	159
			246	158
			247	158
			248	157
			249	156
			250	156
			251	155
			251	154
			252	153
			253	153
			254	152
			255	151
			256	150
			257	149
			257	148
			258	147
			259	146
			260	145
			261	144
			262	143
			262	142
			263	141
			263	140
			264	140
			264	139
			265	138
			266	137
			266	136
			267	135
			268	134
			268	133
			269	132
			269	131
			270	130
			271	129
			272	129
			273	128
			274	128
			274	127
			275	126
			276	126
			277	125
			278	125
			279	124
			280	123
			281	123
			282	122
			283	121
			284	120
			285	120
			286	119
			287	118
			288	118
			289	117
			290	116
			291	116
			292	115
			293	115
			294	114
			295	113
			296	113
			297	112
			298	111
			299	111
			300	110
			301	110
			301	109
			302	108
			303	108
			304	107
			305	107
			306	106
			307	105
			308	104
			309	104
			310	103
			311	102
			312	102
			313	101
			314	100
			315	100
			316	99
			317	99
			318	98
			319	97
			320	97
			321	96
			322	95
			323	94
			324	94
			325	93
			326	92
			327	92
			328	91
			329	90
			330	90
			331	89
			332	88
			333	87
			334	86
			335	86
			336	85
			336	84
			337	84
			338	83
			339	82
			340	81
			341	81
			341	80
			342	79
			343	79
			344	78
			345	77
			346	77
			347	76
			347	75
			348	75
			349	74
			350	74
			351	73
			352	72
			353	72
			353	71
			354	70
			355	70
			356	69
			357	69
			358	68
			359	68
			360	67
			360	66
			361	66
			362	65
			363	65
			364	64
			365	64
			366	63
			367	63
			367	62
			368	62
			369	61
			370	61
			371	60
			372	60
			373	59
			374	59
			375	58
			376	58
			376	57
			377	57
			378	56
			379	56
			380	55
			381	55
			382	55
			383	54
			384	54
			385	53
			386	53
			387	52
			388	52
			389	51
			390	51
			391	51
			392	50
			393	50
			394	49
			395	49
			396	49
			397	49
			397	48
			398	48
			399	48
			400	47
			401	47
			402	47
			403	46
			404	46
			405	46
			406	45
			407	45
			408	45
			409	44
			410	44
			411	44
			412	44
			413	43
			414	43
			415	43
			416	43
			417	42
			418	42
			419	42
			420	42
			421	42
			422	41
			423	41
			424	41
			425	41
			426	41
			427	41
			428	40
			429	40
			430	40
			431	40
			432	40
			433	40
			434	40
			434	39
			435	39
			436	39
			437	39
			438	39
			439	39
			440	39
			441	39
			442	39
			443	39
			444	39
			445	38
			446	38
			447	38
			448	38
			449	38
			450	38
			451	38
			452	38
			453	38
			454	38
			455	38
			456	38
			457	38
			458	38
			459	38
			460	39
			461	39
			462	39
			463	40
			464	40
			465	40
			466	41
			467	41
			468	41
			469	42
			470	42
			471	42
			472	43
			473	43
			474	43
			475	44
			476	44
			477	44
			478	45
			479	45
			480	45
			481	45
			482	46
			483	46
			484	46
			485	47
			486	47
			487	47
			488	48
			489	48
			490	48
			491	48
			492	49
			493	49
			494	49
			495	50
			496	50
			497	50
			498	50
			499	51
			500	51
			501	51
			502	51
			503	51
			503	52
			504	52
			505	52
			506	52
			507	52
			508	52
			509	53
			510	53
			511	53
			512	53
			513	53
			514	53
			515	53
			516	53
			517	53
			518	53
			519	53
			520	52
			521	52
			522	52
			523	52
			524	52
			525	52
			526	52
			527	52
			528	52
			529	52
			530	52
			531	53
			532	53
			533	53
			534	53
			535	53
			536	53
			537	54
			538	54
			539	54
			540	54
			541	55
			542	55
			543	55
			544	55
			545	56
			546	56
			547	57
			548	57
			549	57
			550	57
			551	58
			552	58
			553	59
			554	59
			555	60
			556	60
			557	61
			558	61
			559	62
			560	62
			561	63
			562	63
			563	64
			564	64
			565	64
			565	65
			566	65
			567	66
			568	67
			569	68
			570	69
			571	70
			572	71
			573	72
			574	73
			575	74
			575	75
			576	76
			577	77
			578	78
			579	79
			580	80
			581	81
			582	82
			583	83
			583	84
			584	85
			585	86
			586	87
			587	87
			587	88
			588	89
			589	90
			590	91
			590	92
			591	93
			592	94
			592	95
			593	96
			594	97
			594	98
			595	98
			595	99
			596	100
			597	101
			597	102
			598	103
			598	104
			599	105
			600	106
			601	107
			601	108
			601	109
			601	110
			602	111
			602	112
			603	113
			604	114
			605	115
			606	115
			607	116
			608	117
			609	117
			610	117
			611	118
			612	118
			613	118
			614	118
			615	118
			616	118
			617	118
			618	118
			619	118
			620	118
			621	118
			622	118
			623	118
			624	118
		</head>
		<dorsal type=matrix rownames=FALSE colnames=FALSE nrow=100 ncol=2 as.numeric=TRUE >
			624	118
			625	118
			626	119
			627	119
			628	120
			629	120
			630	121
			631	121
			632	122
			633	122
			634	123
			635	123
			636	124
			637	124
			638	125
			639	125
			640	126
			641	126
			641	127
			642	127
			643	127
			644	128
			645	129
			646	130
			647	130
			648	131
			649	131
			650	132
			651	133
			652	133
			653	134
			654	134
			655	135
			655	136
			656	136
			657	137
			658	137
			659	138
			660	139
			661	139
			662	140
			663	141
			664	142
			665	143
			666	144
			667	145
			668	145
			669	146
			670	147
			671	148
			672	148
			673	149
			674	150
			675	151
			676	152
			677	153
			678	153
			679	154
			680	155
			681	156
			682	157
			683	157
			684	158
			685	159
			686	160
			687	161
			688	162
			689	162
			690	163
			691	164
			692	165
			693	166
			694	166
			694	167
			695	168
			696	169
			697	170
			698	171
			699	172
			700	172
			701	173
			702	174
			703	175
			704	176
			705	177
			706	178
			707	179
			708	180
			709	181
			710	181
			710	182
			711	182
			712	183
			712	184
			713	184
			714	185
			715	186
			716	187
			717	188
			718	189
		</dorsal>
		<caudal_dors_ant type=matrix rownames=FALSE colnames=FALSE nrow=94 ncol=2 as.numeric=TRUE >
			718	189
			719	190
			720	190
			721	191
			722	191
			723	192
			724	192
			725	193
			726	193
			727	194
			728	194
			729	195
			730	196
			731	196
			732	196
			733	197
			734	197
			735	198
			736	199
			737	199
			738	199
			739	200
			740	201
			741	201
			742	202
			743	202
			744	203
			745	203
			746	203
			747	204
			748	204
			749	205
			750	206
			751	206
			752	207
			753	207
			754	208
			755	208
			756	209
			757	209
			758	209
			759	210
			760	210
			761	211
			762	211
			763	212
			764	212
			764	213
			765	214
			766	214
			766	215
			767	216
			768	217
			768	218
			769	219
			770	220
			770	221
			771	222
			772	223
			772	224
			773	225
			773	226
			774	227
			775	228
			775	229
			776	230
			777	231
			777	232
			778	233
			779	234
			779	235
			780	236
			781	237
			781	238
			782	239
			782	240
			783	240
			783	241
			783	242
			784	242
			784	243
			785	244
			785	245
			786	246
			786	247
			787	248
			787	249
			788	249
			788	250
			789	251
			789	252
			790	253
			790	254
			791	255
		</caudal_dors_ant>
		<caud_dors_post type=matrix rownames=FALSE colnames=FALSE nrow=68 ncol=2 as.numeric=TRUE >
			791	255
			792	255
			793	255
			794	255
			795	255
			796	255
			797	255
			798	255
			799	255
			800	255
			801	255
			802	255
			803	255
			804	255
			805	255
			806	255
			807	255
			808	255
			809	255
			810	255
			811	255
			812	255
			813	255
			814	255
			815	255
			816	255
			817	255
			818	255
			819	255
			820	255
			821	255
			822	255
			823	255
			824	255
			825	254
			826	254
			827	254
			828	254
			829	254
			830	254
			831	254
			832	254
			833	254
			834	254
			835	254
			836	254
			837	254
			838	253
			839	253
			840	253
			841	253
			842	253
			843	253
			844	253
			845	253
			846	253
			847	253
			848	252
			849	252
			850	252
			851	252
			852	252
			853	252
			854	252
			855	251
			856	251
			857	251
			858	251
		</caud_dors_post>
		<caud_vent_post type=matrix rownames=FALSE colnames=FALSE nrow=46 ncol=2 as.numeric=TRUE >
			866	315
			865	315
			864	316
			863	316
			862	316
			861	316
			860	317
			859	317
			858	317
			857	317
			856	317
			855	318
			854	318
			853	318
			852	318
			851	319
			850	319
			849	319
			848	319
			847	319
			846	320
			845	320
			844	320
			843	320
			842	320
			841	321
			840	321
			839	321
			838	321
			837	321
			836	322
			835	322
			834	322
			833	322
			832	322
			831	323
			830	323
			829	323
			828	323
			827	323
			826	323
			825	323
			824	324
			823	324
			822	324
			821	324
		</caud_vent_post>
		<caudal_vent_ant type=matrix rownames=FALSE colnames=FALSE nrow=58 ncol=2 as.numeric=TRUE >
			821	324
			821	325
			822	326
			822	327
			822	328
			822	329
			822	330
			823	331
			823	332
			823	333
			823	334
			823	335
			823	336
			823	337
			823	338
			824	339
			824	340
			824	341
			824	342
			824	343
			824	344
			824	345
			824	346
			824	347
			823	348
			823	349
			823	350
			823	351
			823	352
			823	353
			823	354
			823	355
			822	356
			822	357
			822	358
			822	359
			821	360
			821	361
			821	362
			821	363
			820	364
			820	365
			820	366
			819	367
			819	368
			819	369
			818	370
			818	371
			817	372
			817	373
			816	374
			816	375
			815	376
			815	377
			814	378
			814	379
			813	380
			813	381
		</caudal_vent_ant>
		<anal type=matrix rownames=FALSE colnames=FALSE nrow=100 ncol=2 as.numeric=TRUE >
			813	381
			813	382
			812	383
			812	384
			812	385
			811	385
			811	386
			811	387
			810	388
			810	389
			810	390
			810	391
			809	392
			809	393
			809	394
			808	394
			808	395
			807	396
			807	397
			807	398
			806	399
			806	400
			806	401
			805	402
			805	403
			804	404
			804	405
			804	406
			803	407
			803	408
			802	409
			802	410
			802	411
			801	412
			801	413
			800	414
			800	415
			799	416
			799	417
			799	418
			798	419
			798	420
			797	421
			797	422
			797	423
			796	424
			795	425
			795	426
			795	427
			794	427
			794	428
			794	429
			793	429
			793	430
			793	431
			792	432
			792	433
			791	434
			791	435
			790	436
			790	437
			789	438
			789	439
			788	440
			788	441
			787	442
			787	443
			786	444
			786	445
			785	446
			785	447
			784	448
			784	449
			783	450
			783	451
			782	452
			782	453
			781	454
			781	455
			780	456
			780	457
			779	458
			779	459
			778	460
			778	461
			777	462
			777	463
			776	464
			775	465
			775	466
			774	467
			774	468
			773	469
			773	470
			772	471
			772	472
			771	473
			770	474
			770	475
			769	476
		</anal>
		<ventral_body type=matrix rownames=FALSE colnames=FALSE nrow=798 ncol=2 as.numeric=TRUE >
			769	476
			768	477
			767	478
			766	479
			765	480
			764	481
			763	482
			762	483
			761	484
			760	485
			759	486
			759	487
			758	487
			757	488
			757	489
			756	489
			756	490
			755	491
			754	492
			753	493
			752	494
			751	495
			751	496
			750	497
			749	498
			749	499
			748	499
			747	500
			747	501
			746	502
			746	503
			745	504
			744	505
			744	506
			743	507
			742	508
			742	509
			741	509
			740	510
			740	511
			739	512
			739	513
			738	514
			737	515
			737	516
			736	517
			736	518
			735	519
			735	520
			735	521
			735	522
			735	523
			735	524
			735	525
			735	526
			734	527
			734	528
			734	529
			734	530
			734	531
			734	532
			734	533
			733	533
			733	534
			733	535
			733	536
			733	537
			732	538
			732	539
			732	540
			731	541
			731	542
			731	543
			731	544
			730	545
			730	546
			730	547
			729	548
			729	549
			729	550
			728	550
			728	551
			728	552
			727	553
			727	554
			726	555
			726	556
			726	557
			725	558
			725	559
			724	560
			724	561
			723	562
			723	563
			723	564
			722	564
			722	565
			722	566
			721	566
			721	567
			721	568
			720	568
			720	569
			719	570
			719	571
			718	572
			718	573
			717	574
			717	575
			716	575
			716	576
			716	577
			715	578
			715	579
			714	579
			714	580
			713	581
			713	582
			712	583
			711	584
			711	585
			710	586
			709	587
			709	588
			708	589
			707	590
			707	591
			706	592
			705	593
			705	594
			704	595
			703	596
			703	597
			702	598
			701	599
			701	600
			700	601
			699	602
			698	603
			698	604
			697	605
			697	606
			696	606
			696	607
			695	608
			694	609
			693	610
			693	611
			692	612
			691	613
			691	614
			690	615
			689	616
			688	617
			687	617
			686	618
			685	619
			684	619
			683	619
			683	620
			682	620
			681	621
			680	622
			679	622
			678	623
			677	623
			676	623
			675	624
			674	625
			673	626
			672	626
			671	626
			671	627
			670	627
			669	627
			669	628
			668	628
			667	628
			666	629
			665	629
			664	630
			663	630
			662	631
			661	631
			660	631
			660	632
			659	632
			658	633
			657	633
			656	633
			655	634
			654	634
			653	635
			652	635
			651	636
			650	636
			649	636
			648	637
			647	637
			646	638
			645	638
			644	638
			643	638
			643	639
			642	639
			641	639
			640	640
			639	640
			638	640
			637	641
			636	641
			635	641
			634	642
			633	642
			632	642
			631	643
			630	643
			629	643
			628	644
			627	644
			626	644
			625	645
			624	645
			623	645
			622	646
			621	646
			620	646
			619	646
			618	647
			617	647
			616	647
			615	648
			614	648
			613	648
			612	649
			611	649
			610	649
			609	649
			608	650
			607	650
			606	650
			605	650
			604	650
			603	651
			602	651
			601	651
			600	651
			599	652
			598	652
			597	652
			596	652
			595	652
			594	653
			593	653
			592	653
			591	653
			590	654
			589	654
			588	654
			587	654
			586	654
			585	655
			584	655
			583	655
			582	655
			581	655
			580	656
			579	656
			578	656
			577	656
			576	656
			575	656
			574	657
			573	657
			572	657
			571	657
			570	657
			569	657
			568	658
			567	658
			566	658
			565	658
			564	658
			563	658
			562	659
			561	659
			560	659
			559	659
			558	659
			557	659
			556	660
			555	660
			554	660
			553	660
			552	660
			551	660
			550	660
			549	660
			548	661
			547	661
			546	661
			545	661
			544	661
			543	661
			542	661
			541	661
			540	662
			539	662
			538	662
			537	662
			536	662
			535	662
			534	662
			533	662
			532	662
			531	662
			531	663
			530	663
			529	663
			528	663
			527	663
			526	663
			525	663
			524	663
			523	663
			522	663
			521	663
			520	664
			519	664
			518	664
			517	664
			516	664
			515	664
			514	664
			513	664
			512	664
			511	664
			510	664
			509	664
			508	664
			507	665
			506	665
			505	665
			504	665
			503	665
			502	665
			501	665
			500	665
			499	665
			498	665
			497	665
			496	665
			495	665
			494	665
			493	665
			492	665
			491	665
			490	665
			489	666
			488	666
			487	666
			486	666
			485	666
			484	666
			483	666
			482	666
			481	666
			480	666
			479	666
			478	666
			477	666
			476	666
			475	666
			474	666
			473	666
			472	666
			471	666
			470	666
			469	666
			468	665
			467	665
			466	665
			465	665
			464	665
			463	665
			462	665
			461	665
			460	665
			459	665
			458	665
			457	665
			456	664
			455	664
			454	664
			453	664
			452	664
			451	664
			450	664
			449	664
			448	664
			447	664
			446	663
			445	663
			444	663
			443	663
			442	663
			441	663
			440	663
			439	663
			438	663
			437	663
			436	662
			435	662
			434	662
			433	662
			432	662
			431	662
			430	662
			429	662
			428	662
			427	661
			426	661
			425	661
			424	661
			423	661
			422	661
			421	661
			420	661
			419	660
			418	660
			417	660
			416	660
			415	660
			414	660
			413	660
			412	660
			411	659
			410	659
			409	659
			408	659
			407	659
			406	659
			405	659
			404	659
			403	658
			402	658
			401	658
			400	658
			399	658
			398	658
			397	658
			396	657
			395	657
			394	657
			393	657
			392	657
			391	657
			390	657
			389	656
			388	656
			387	656
			386	656
			385	656
			384	656
			383	656
			382	655
			381	655
			380	655
			379	655
			378	655
			377	655
			377	654
			376	654
			375	654
			374	654
			373	654
			372	654
			371	654
			370	653
			369	653
			368	653
			367	653
			366	653
			365	653
			364	652
			363	652
			362	652
			361	652
			360	652
			359	652
			359	651
			358	651
			357	651
			356	651
			355	651
			354	651
			353	650
			352	650
			351	650
			350	650
			349	650
			348	649
			347	649
			346	649
			345	649
			344	649
			343	648
			342	648
			341	648
			340	648
			339	647
			338	647
			337	647
			336	647
			335	647
			334	646
			333	646
			332	646
			331	646
			330	646
			329	645
			328	645
			327	645
			326	645
			325	645
			324	644
			323	644
			322	644
			321	644
			320	643
			319	643
			318	643
			317	643
			316	642
			315	642
			314	642
			313	642
			312	641
			311	641
			310	641
			309	641
			308	641
			307	640
			306	640
			305	640
			304	640
			304	639
			303	639
			302	639
			301	639
			300	638
			299	638
			298	638
			297	638
			296	637
			295	637
			294	637
			293	636
			292	636
			291	636
			290	636
			289	635
			288	635
			287	635
			286	635
			285	634
			284	634
			283	634
			282	633
			281	633
			280	633
			279	633
			278	632
			277	632
			276	631
			275	631
			274	631
			273	631
			273	630
			272	629
			271	629
			270	628
			270	627
			269	627
			268	626
			267	625
			266	624
			265	624
			264	623
			263	622
			263	621
			262	621
			261	620
			260	619
			259	619
			258	618
			257	617
			256	616
			255	615
			254	614
			253	613
			252	613
			251	612
			250	611
			249	610
			248	609
			247	608
			246	608
			245	607
			244	606
			243	605
			242	604
			241	604
			240	603
			239	602
			238	601
			237	600
			236	600
			235	599
			234	598
			233	597
			232	597
			231	596
			230	595
			229	594
			228	593
			227	592
			226	592
			226	591
			225	591
			224	590
			223	589
			222	588
			221	587
			220	587
			219	586
			218	585
			217	584
			216	583
			215	583
			214	582
			213	581
			212	580
			211	580
			210	579
			209	578
			209	577
			208	577
			207	576
			206	575
			205	575
			204	574
			203	573
			202	572
			201	572
			200	571
			200	570
			199	570
			198	569
			197	568
			196	568
			195	567
			194	566
			193	565
			192	564
			191	563
			190	562
			189	562
			188	561
			187	561
			187	560
			186	560
			185	559
			184	558
			183	557
			182	557
			181	556
			180	556
			179	555
			178	554
			177	554
			176	553
			175	553
			174	552
			173	552
			172	551
			171	551
			170	550
			169	550
			168	549
			167	549
			166	548
			165	548
			164	548
			163	547
			162	547
			161	547
			161	546
			160	546
			159	546
			158	545
			157	545
			156	545
			155	545
			154	544
			153	544
			152	544
			151	544
			150	544
			149	544
			148	543
			147	543
			146	543
			145	543
			144	543
			143	543
			142	543
			141	543
			140	543
			139	543
			138	543
			137	543
			136	543
			135	543
			134	543
			133	543
			132	543
			131	543
			130	543
			129	543
			128	543
			127	543
			126	543
			125	543
			124	543
			123	543
			122	543
			121	542
			120	542
			119	542
			118	542
			117	542
			116	542
			115	541
			114	541
			113	541
			112	540
			111	540
			110	540
			109	539
			108	539
			107	539
			106	538
			105	537
			104	537
			103	536
			102	536
			101	535
			101	534
			100	534
			99	533
			99	532
			98	531
			98	530
			98	529
			98	528
			98	527
			97	527
			97	526
			97	525
			97	524
			96	523
			96	522
			96	521
			96	520
			95	519
			95	518
			95	517
			94	516
			94	515
			94	514
			94	513
			93	512
			93	511
			93	510
			92	509
			92	508
			92	507
			91	506
			91	505
			90	504
			90	503
			90	502
			89	501
			89	500
			89	499
			88	498
			88	497
		</ventral_body>
		<operculum type=matrix rownames=FALSE colnames=FALSE nrow=82 ncol=2 as.numeric=TRUE >
			289	450
			289	449
			289	448
			289	447
			289	446
			288	445
			288	444
			288	443
			288	442
			288	441
			288	440
			288	439
			288	438
			288	437
			287	436
			287	435
			287	434
			287	433
			287	432
			287	431
			287	430
			287	429
			286	428
			286	427
			286	426
			286	425
			286	424
			286	423
			286	422
			286	421
			286	420
			285	419
			285	418
			285	417
			285	416
			285	415
			285	414
			285	413
			285	412
			285	411
			284	410
			284	409
			284	408
			284	407
			284	406
			284	405
			284	404
			284	403
			284	402
			283	401
			283	400
			283	399
			283	398
			283	397
			283	396
			283	395
			283	394
			283	393
			282	392
			282	391
			282	390
			282	389
			282	388
			282	387
			282	386
			282	385
			282	384
			281	383
			281	382
			281	381
			281	380
			281	379
			281	378
			281	377
			281	376
			281	375
			280	374
			280	373
			280	372
			280	371
			280	370
			280	369
		</operculum>
	</curves.pixel>
</shapes>

