<shapes type=list>
	<scaling type=logical names=FALSE length=1 as.numeric=FALSE >NA</scaling>
	<landmarks.pixel type=matrix rownames=TRUE colnames=FALSE nrow=15 ncol=2 as.numeric=TRUE >
		pectoral_dors	304	382
		pectoral_vent	310	412
		premax_post	121	386
		upper_jaw	96	368
		dorsal_ant	424	208
		dorsal_post	591	338
		caud_pedunc_dors	621	343
		caud_scale_dors	648	329
		caud_scale_vent	659	388
		caud_pedunc_vent	629	382
		anal_post	603	389
		anal_ant	451	496
		lower_jaw	98	396
		operc_vent	288	386
		oper_dor	294	329
	</landmarks.pixel>
	<curves.control type=list>
		<head type=matrix rownames=FALSE colnames=FALSE nrow=25 ncol=2 as.numeric=TRUE >
			96	368
			112	359
			132	350
			144	343
			160	328
			180	309
			199	289
			216	274
			228	266
			239	259
			247	245
			260	232
			276	215
			283	210
			296	208
			307	208
			315	211
			336	210
			357	212
			372	216
			387	217
			400	215
			409	214
			416	212
			424	208
		</head>
		<dorsal type=matrix rownames=FALSE colnames=FALSE nrow=11 ncol=2 as.numeric=TRUE >
			424	208
			441	213
			462	221
			488	234
			511	248
			536	266
			553	284
			569	300
			579	315
			587	328
			591	338
		</dorsal>
		<caudal_dors_ant type=matrix rownames=FALSE colnames=FALSE nrow=5 ncol=2 as.numeric=TRUE >
			591	338
			597	341
			606	342
			615	343
			621	343
		</caudal_dors_ant>
		<caud_dors_post type=matrix rownames=FALSE colnames=FALSE nrow=5 ncol=2 as.numeric=TRUE >
			621	343
			629	340
			635	336
			641	331
			648	329
		</caud_dors_post>
		<caud_vent_post type=matrix rownames=FALSE colnames=FALSE nrow=5 ncol=2 as.numeric=TRUE >
			659	388
			653	390
			645	389
			637	384
			629	382
		</caud_vent_post>
		<caudal_vent_ant type=matrix rownames=FALSE colnames=FALSE nrow=5 ncol=2 as.numeric=TRUE >
			629	382
			621	383
			612	385
			608	386
			603	389
		</caudal_vent_ant>
		<anal type=matrix rownames=FALSE colnames=FALSE nrow=7 ncol=2 as.numeric=TRUE >
			603	389
			589	410
			571	433
			540	457
			520	470
			485	487
			451	496
		</anal>
		<ventral_body type=matrix rownames=FALSE colnames=FALSE nrow=33 ncol=2 as.numeric=TRUE >
			451	496
			445	494
			433	491
			427	498
			424	506
			414	520
			407	526
			404	535
			407	543
			418	554
			414	559
			409	559
			404	557
			398	556
			363	542
			338	530
			311	516
			284	499
			263	489
			250	483
			238	480
			223	472
			211	464
			197	458
			182	449
			162	437
			144	425
			129	421
			122	420
			115	414
			109	407
			102	402
			98	396
		</ventral_body>
		<operculum type=matrix rownames=FALSE colnames=FALSE nrow=5 ncol=2 as.numeric=TRUE >
			288	386
			288	373
			290	357
			292	344
			294	329
		</operculum>
	</curves.control>
	<curves.pixel type=list>
		<head type=matrix rownames=FALSE colnames=FALSE nrow=362 ncol=2 as.numeric=TRUE >
			96	368
			97	367
			98	367
			99	366
			100	366
			101	365
			102	365
			103	364
			104	364
			105	363
			106	362
			107	362
			108	361
			109	361
			110	360
			111	360
			112	359
			113	359
			114	358
			115	358
			116	358
			117	357
			118	356
			119	356
			120	355
			121	355
			122	355
			123	354
			124	354
			125	353
			126	353
			127	352
			128	352
			129	351
			130	351
			131	351
			131	350
			132	350
			133	350
			134	349
			135	348
			136	347
			137	347
			138	346
			139	345
			140	345
			141	344
			142	343
			143	342
			144	342
			145	341
			146	340
			147	339
			148	338
			149	338
			149	337
			150	337
			151	336
			152	335
			153	334
			154	334
			155	333
			156	332
			156	331
			157	331
			158	330
			159	329
			160	328
			161	327
			162	326
			163	325
			164	324
			165	323
			166	322
			167	321
			168	320
			169	320
			169	319
			170	318
			171	318
			171	317
			172	316
			173	316
			173	315
			174	314
			175	314
			175	313
			176	313
			177	312
			177	311
			178	311
			179	310
			179	309
			180	309
			180	308
			181	307
			182	307
			182	306
			183	305
			184	305
			184	304
			185	303
			186	303
			186	302
			187	302
			188	301
			188	300
			189	300
			189	299
			190	298
			191	298
			191	297
			192	296
			193	296
			193	295
			194	294
			195	294
			195	293
			196	292
			197	291
			198	290
			199	289
			200	288
			201	287
			202	286
			203	285
			204	285
			205	284
			205	283
			206	283
			207	282
			208	281
			209	280
			210	280
			211	279
			212	278
			213	277
			214	277
			214	276
			215	275
			216	275
			217	274
			218	273
			219	272
			220	272
			221	271
			222	270
			223	270
			224	269
			225	268
			226	268
			226	267
			227	267
			228	266
			229	265
			230	265
			230	264
			231	264
			232	263
			233	262
			234	261
			235	261
			236	260
			236	259
			237	258
			238	258
			239	257
			240	256
			240	255
			241	254
			242	253
			243	252
			243	251
			244	250
			245	249
			245	248
			246	247
			247	246
			247	245
			248	244
			249	243
			250	242
			251	241
			252	240
			253	239
			254	238
			254	237
			255	237
			256	236
			257	235
			258	234
			259	233
			259	232
			260	231
			261	231
			262	230
			263	229
			264	228
			265	227
			266	226
			266	225
			267	224
			268	223
			269	222
			270	221
			271	220
			272	219
			273	218
			274	217
			275	216
			276	215
			277	215
			278	214
			278	213
			279	213
			280	212
			281	212
			282	212
			283	211
			284	211
			285	210
			286	210
			287	210
			288	210
			289	209
			290	209
			291	209
			292	209
			293	209
			294	208
			295	208
			296	208
			297	208
			298	208
			299	208
			300	208
			301	208
			302	208
			303	208
			304	208
			305	209
			306	209
			307	209
			308	209
			309	209
			310	209
			311	210
			312	210
			313	210
			314	211
			315	211
			316	211
			317	211
			318	211
			319	211
			320	211
			321	211
			322	211
			323	211
			324	211
			325	211
			326	211
			327	211
			328	211
			329	211
			330	211
			331	211
			332	211
			333	211
			334	211
			335	211
			336	211
			337	211
			338	211
			339	211
			340	211
			341	211
			342	211
			343	211
			344	211
			345	211
			346	211
			347	211
			348	211
			349	211
			350	211
			351	211
			352	212
			353	212
			354	212
			355	212
			356	212
			357	212
			358	212
			359	212
			360	213
			361	213
			362	213
			363	213
			364	214
			365	214
			366	214
			367	214
			368	214
			369	215
			370	215
			371	215
			372	215
			373	215
			374	216
			375	216
			376	216
			377	216
			378	216
			379	216
			380	216
			381	216
			382	217
			383	217
			384	217
			385	217
			386	217
			387	217
			388	217
			389	217
			390	216
			391	216
			392	216
			393	216
			394	216
			395	216
			396	216
			397	216
			398	215
			399	215
			400	215
			401	215
			402	215
			403	215
			404	215
			405	214
			406	214
			407	214
			408	214
			409	214
			410	214
			411	213
			412	213
			413	213
			414	212
			415	212
			416	211
			417	211
			418	211
			419	210
			420	210
			421	210
			421	209
			422	209
			423	209
			423	208
			424	208
		</head>
		<dorsal type=matrix rownames=FALSE colnames=FALSE nrow=194 ncol=2 as.numeric=TRUE >
			424	208
			425	208
			426	208
			426	209
			427	209
			428	209
			429	209
			430	210
			431	210
			432	211
			433	211
			434	211
			435	211
			436	212
			437	212
			438	212
			439	213
			440	213
			441	214
			442	214
			443	214
			444	215
			445	215
			446	215
			447	215
			448	216
			449	216
			450	217
			451	217
			452	217
			453	218
			454	218
			455	218
			456	219
			457	219
			458	220
			459	220
			460	220
			461	221
			462	221
			463	222
			464	222
			465	223
			466	223
			467	223
			467	224
			468	224
			469	224
			470	225
			471	226
			472	226
			473	227
			474	227
			475	227
			475	228
			476	228
			477	229
			478	229
			479	230
			480	230
			481	231
			482	232
			483	232
			484	233
			485	233
			486	234
			487	234
			488	235
			489	235
			490	236
			491	237
			492	237
			493	238
			494	238
			495	239
			496	239
			497	240
			498	240
			499	241
			500	242
			501	242
			502	243
			503	243
			504	244
			505	244
			506	245
			507	246
			508	246
			509	247
			510	247
			511	248
			512	249
			513	249
			514	250
			515	251
			516	251
			517	252
			518	253
			519	254
			520	254
			521	255
			522	256
			523	257
			524	257
			524	258
			525	259
			526	260
			527	260
			528	261
			529	262
			530	263
			531	263
			532	264
			533	265
			533	266
			534	266
			535	267
			536	268
			537	269
			538	269
			539	270
			539	271
			540	271
			541	272
			542	273
			543	274
			544	275
			545	276
			546	277
			547	278
			548	279
			549	280
			550	280
			550	281
			551	282
			552	283
			553	284
			554	285
			555	286
			556	287
			557	288
			558	289
			559	290
			560	291
			561	292
			561	293
			562	294
			563	295
			564	296
			565	296
			566	297
			566	298
			567	299
			568	300
			569	301
			569	302
			570	303
			571	304
			572	305
			572	306
			573	307
			574	307
			574	308
			575	309
			576	310
			576	311
			577	312
			578	313
			578	314
			579	315
			580	316
			580	317
			581	318
			581	319
			582	320
			582	321
			583	322
			584	323
			584	324
			585	325
			585	326
			586	327
			587	328
			587	329
			587	330
			588	331
			588	332
			589	333
			589	334
			590	335
			590	336
			590	337
			591	337
			591	338
		</dorsal>
		<caudal_dors_ant type=matrix rownames=FALSE colnames=FALSE nrow=31 ncol=2 as.numeric=TRUE >
			591	338
			592	338
			593	339
			594	339
			595	340
			596	340
			597	340
			598	341
			599	341
			600	341
			601	341
			602	341
			603	342
			604	342
			605	342
			606	342
			607	342
			608	342
			609	342
			610	342
			611	343
			612	343
			613	343
			614	343
			615	343
			616	343
			617	343
			618	343
			619	343
			620	343
			621	343
		</caudal_dors_ant>
		<caud_dors_post type=matrix rownames=FALSE colnames=FALSE nrow=31 ncol=2 as.numeric=TRUE >
			621	343
			622	343
			623	342
			624	342
			625	341
			626	341
			627	340
			628	340
			629	340
			630	339
			631	339
			631	338
			632	338
			633	337
			634	337
			635	336
			636	336
			636	335
			637	334
			638	334
			639	333
			640	333
			640	332
			641	332
			642	331
			643	331
			644	330
			645	330
			646	330
			647	329
			648	329
		</caud_dors_post>
		<caud_vent_post type=matrix rownames=FALSE colnames=FALSE nrow=32 ncol=2 as.numeric=TRUE >
			659	388
			658	388
			657	388
			657	389
			656	389
			655	389
			654	389
			653	389
			652	389
			651	389
			650	389
			649	389
			648	389
			647	389
			646	389
			645	389
			644	388
			643	388
			642	387
			641	387
			640	386
			639	386
			638	385
			637	385
			636	384
			635	384
			634	383
			633	383
			632	383
			631	383
			630	382
			629	382
		</caud_vent_post>
		<caudal_vent_ant type=matrix rownames=FALSE colnames=FALSE nrow=28 ncol=2 as.numeric=TRUE >
			629	382
			628	382
			627	382
			626	382
			625	383
			624	383
			623	383
			622	383
			621	383
			620	383
			619	383
			618	384
			617	384
			616	384
			615	384
			614	385
			613	385
			612	385
			611	385
			610	386
			609	386
			608	386
			607	387
			606	387
			606	388
			605	388
			604	389
			603	389
		</caudal_vent_ant>
		<anal type=matrix rownames=FALSE colnames=FALSE nrow=171 ncol=2 as.numeric=TRUE >
			603	389
			603	390
			602	390
			602	391
			601	392
			600	393
			599	394
			599	395
			598	396
			598	397
			597	398
			596	399
			595	400
			595	401
			594	402
			593	403
			593	404
			592	405
			591	406
			591	407
			590	408
			589	409
			588	410
			588	411
			587	412
			586	413
			586	414
			585	415
			584	416
			583	417
			583	418
			582	419
			581	420
			580	421
			579	422
			579	423
			578	424
			577	425
			576	426
			576	427
			575	428
			574	429
			573	430
			572	431
			572	432
			571	433
			570	434
			569	435
			568	435
			567	436
			566	436
			566	437
			565	438
			564	438
			563	439
			562	440
			561	441
			560	442
			559	442
			558	443
			557	444
			556	444
			555	445
			554	446
			553	446
			553	447
			552	448
			551	448
			550	449
			549	450
			548	450
			547	451
			546	452
			545	453
			544	454
			543	454
			542	455
			541	456
			540	456
			539	457
			538	458
			537	458
			536	459
			535	460
			534	460
			533	461
			532	462
			531	462
			530	463
			530	464
			529	464
			528	465
			527	465
			526	466
			525	466
			525	467
			524	468
			523	468
			522	469
			521	469
			520	470
			519	470
			518	471
			517	472
			516	472
			515	472
			514	473
			513	473
			512	474
			511	474
			510	475
			509	475
			508	476
			507	476
			506	477
			505	477
			504	477
			503	478
			502	478
			501	479
			500	479
			499	479
			498	480
			497	480
			496	481
			495	481
			494	481
			493	482
			492	482
			491	483
			490	483
			489	483
			488	484
			487	484
			486	485
			485	485
			484	486
			483	486
			482	486
			481	486
			481	487
			480	487
			479	487
			478	488
			477	488
			476	488
			475	489
			474	489
			473	489
			472	490
			471	490
			470	490
			469	491
			468	491
			467	491
			466	492
			465	492
			464	492
			463	493
			462	493
			461	493
			460	494
			459	494
			458	494
			457	494
			456	495
			455	495
			454	495
			453	496
			452	496
			451	496
		</anal>
		<ventral_body type=matrix rownames=FALSE colnames=FALSE nrow=428 ncol=2 as.numeric=TRUE >
			451	496
			450	496
			449	495
			448	495
			447	495
			446	494
			445	494
			444	494
			443	494
			442	493
			441	493
			440	493
			439	492
			438	492
			437	492
			436	492
			435	491
			434	491
			433	491
			432	492
			431	493
			431	494
			430	495
			429	496
			428	497
			428	498
			427	499
			427	500
			426	501
			426	502
			425	503
			425	504
			424	505
			424	506
			423	507
			423	508
			422	509
			421	510
			420	511
			419	512
			419	513
			418	514
			417	515
			417	516
			416	516
			415	517
			415	518
			414	519
			413	520
			412	521
			411	522
			410	523
			410	524
			409	524
			408	525
			407	526
			407	527
			406	528
			406	529
			406	530
			406	531
			406	532
			406	533
			406	534
			406	535
			406	536
			406	537
			406	538
			406	539
			406	540
			406	541
			407	542
			407	543
			408	544
			409	545
			410	546
			410	547
			411	548
			412	548
			412	549
			413	550
			413	551
			414	552
			415	553
			415	554
			415	555
			415	556
			415	557
			414	558
			413	559
			412	559
			411	559
			410	559
			409	559
			408	558
			407	558
			406	558
			405	557
			404	557
			403	557
			402	556
			401	556
			400	556
			399	556
			398	555
			397	555
			396	555
			395	554
			394	554
			393	553
			392	553
			391	553
			390	553
			389	552
			388	552
			387	551
			386	551
			385	551
			384	550
			383	550
			382	549
			381	549
			380	549
			379	548
			378	548
			377	547
			376	547
			375	547
			374	546
			373	546
			372	546
			371	545
			370	545
			369	544
			368	544
			367	544
			366	543
			365	543
			364	542
			363	542
			362	542
			362	541
			361	541
			360	541
			360	540
			359	540
			358	540
			357	539
			356	538
			355	538
			354	538
			353	537
			352	537
			351	536
			350	536
			349	535
			348	535
			347	534
			346	534
			345	533
			344	533
			343	532
			342	532
			341	531
			340	531
			339	530
			338	530
			337	529
			336	529
			335	528
			334	528
			333	527
			332	527
			331	526
			330	526
			329	525
			328	525
			328	524
			327	524
			326	523
			325	523
			324	522
			323	522
			322	521
			321	521
			320	520
			319	520
			318	519
			317	519
			316	518
			315	518
			314	517
			313	517
			312	516
			311	516
			310	516
			310	515
			309	515
			308	514
			307	514
			306	513
			305	512
			304	511
			303	511
			302	510
			301	510
			300	509
			299	509
			298	508
			297	507
			296	507
			295	506
			294	506
			294	505
			293	505
			292	504
			291	504
			290	504
			290	503
			289	503
			288	502
			287	502
			286	501
			285	500
			284	500
			283	499
			282	499
			281	498
			280	498
			279	497
			278	497
			278	496
			277	496
			276	495
			275	495
			274	495
			273	494
			272	494
			271	493
			270	492
			269	492
			268	491
			267	491
			266	490
			265	490
			264	489
			263	489
			262	489
			262	488
			261	488
			260	488
			259	487
			258	487
			257	486
			256	486
			255	486
			254	485
			253	485
			252	484
			251	484
			250	484
			249	483
			248	483
			247	483
			246	482
			245	482
			244	482
			243	481
			242	481
			241	481
			240	480
			239	480
			238	480
			237	479
			236	479
			235	478
			234	478
			233	478
			233	477
			232	477
			231	476
			230	476
			229	475
			228	474
			227	474
			226	473
			225	473
			225	472
			224	472
			223	472
			222	471
			221	471
			221	470
			220	470
			219	469
			218	469
			218	468
			217	468
			216	467
			215	467
			215	466
			214	466
			213	466
			213	465
			212	465
			211	464
			210	464
			210	463
			209	463
			208	463
			207	462
			206	462
			205	461
			204	461
			203	460
			202	460
			201	459
			200	459
			199	458
			198	458
			197	457
			196	457
			195	456
			194	456
			193	455
			192	455
			191	454
			190	453
			189	453
			188	452
			187	452
			186	452
			186	451
			185	451
			184	450
			183	450
			182	449
			181	448
			180	448
			179	447
			178	447
			177	446
			176	445
			175	445
			174	444
			173	444
			172	443
			171	442
			170	442
			169	441
			168	441
			167	440
			166	439
			165	439
			164	438
			163	438
			162	437
			161	436
			160	436
			160	435
			159	434
			158	434
			157	433
			156	433
			155	432
			154	431
			153	431
			152	430
			151	430
			150	429
			149	428
			148	428
			147	427
			146	426
			145	425
			144	425
			143	425
			142	424
			141	424
			140	424
			139	424
			138	424
			138	423
			137	423
			136	423
			135	423
			134	422
			133	422
			132	422
			131	422
			130	421
			129	421
			128	421
			127	421
			126	421
			125	420
			124	420
			123	420
			122	420
			121	419
			120	418
			119	417
			118	416
			117	415
			116	415
			115	414
			115	413
			114	412
			113	411
			112	411
			111	410
			111	409
			110	408
			109	407
			108	406
			107	406
			107	405
			106	405
			105	404
			104	403
			103	402
			102	401
			101	400
			101	399
			100	398
			99	398
			99	397
			98	396
		</ventral_body>
		<operculum type=matrix rownames=FALSE colnames=FALSE nrow=58 ncol=2 as.numeric=TRUE >
			288	386
			288	385
			288	384
			288	383
			288	382
			288	381
			288	380
			288	379
			288	378
			288	377
			288	376
			288	375
			288	374
			288	373
			289	372
			289	371
			289	370
			289	369
			289	368
			289	367
			289	366
			289	365
			289	364
			289	363
			289	362
			290	361
			290	360
			290	359
			290	358
			290	357
			290	356
			290	355
			290	354
			291	353
			291	352
			291	351
			291	350
			291	349
			291	348
			291	347
			292	346
			292	345
			292	344
			292	343
			292	342
			292	341
			293	340
			293	339
			293	338
			293	337
			293	336
			293	335
			293	334
			293	333
			294	332
			294	331
			294	330
			294	329
		</operculum>
	</curves.pixel>
</shapes>

