<shapes type=list>
	<scaling type=logical names=FALSE length=1 as.numeric=FALSE >NA</scaling>
	<landmarks.pixel type=matrix rownames=TRUE colnames=FALSE nrow=15 ncol=2 as.numeric=TRUE >
		pectoral_dors	192	107
		pectoral_vent	199	173
		premax_post	37	169
		upper_jaw	26	161
		dorsal_ant	399	92
		dorsal_post	449	128
		caud_pedunc_dors	496	146
		caud_scale_dors	507	145
		caud_scale_vent	500	186
		caud_pedunc_vent	483	183
		anal_post	449	188
		anal_ant	402	208
		lower_jaw	34	181
		operc_vent	185	160
		oper_dor	171	108
	</landmarks.pixel>
	<curves.control type=list>
		<head type=matrix rownames=FALSE colnames=FALSE nrow=15 ncol=2 as.numeric=TRUE >
			26	161
			31	151
			38	145
			49	131
			74	104
			101	92
			143	80
			203	68
			254	61
			308	65
			334	71
			355	78
			371	83
			385	88
			399	92
		</head>
		<dorsal type=matrix rownames=FALSE colnames=FALSE nrow=5 ncol=2 as.numeric=TRUE >
			399	92
			410	98
			424	108
			437	118
			449	128
		</dorsal>
		<caudal_dors_ant type=matrix rownames=FALSE colnames=FALSE nrow=5 ncol=2 as.numeric=TRUE >
			449	128
			459	133
			471	138
			484	142
			496	146
		</caudal_dors_ant>
		<caud_dors_post type=matrix rownames=FALSE colnames=FALSE nrow=3 ncol=2 as.numeric=TRUE >
			496	146
			501	146
			507	145
		</caud_dors_post>
		<caud_vent_post type=matrix rownames=FALSE colnames=FALSE nrow=3 ncol=2 as.numeric=TRUE >
			500	186
			492	184
			483	183
		</caud_vent_post>
		<caudal_vent_ant type=matrix rownames=FALSE colnames=FALSE nrow=5 ncol=2 as.numeric=TRUE >
			483	183
			471	185
			465	187
			458	187
			449	188
		</caudal_vent_ant>
		<anal type=matrix rownames=FALSE colnames=FALSE nrow=5 ncol=2 as.numeric=TRUE >
			449	188
			439	191
			427	196
			414	201
			402	208
		</anal>
		<ventral_body type=matrix rownames=FALSE colnames=FALSE nrow=19 ncol=2 as.numeric=TRUE >
			402	208
			378	218
			336	231
			300	239
			265	240
			239	236
			204	234
			168	233
			138	233
			101	228
			83	226
			71	218
			61	210
			55	200
			50	193
			43	190
			36	184
			35	182
			34	181
		</ventral_body>
		<operculum type=matrix rownames=FALSE colnames=FALSE nrow=19 ncol=2 as.numeric=TRUE >
			185	160
			177	158
			167	155
			159	149
			156	144
			157	141
			160	140
			166	140
			169	139
			166	138
			163	137
			160	133
			158	131
			158	125
			158	121
			162	115
			166	111
			168	110
			171	108
		</operculum>
	</curves.control>
	<curves.pixel type=list>
		<head type=matrix rownames=FALSE colnames=FALSE nrow=391 ncol=2 as.numeric=TRUE >
			26	161
			26	160
			27	160
			27	159
			27	158
			28	158
			28	157
			29	156
			29	155
			30	154
			31	153
			32	152
			32	151
			33	150
			34	149
			35	148
			36	147
			37	146
			38	145
			39	144
			40	143
			41	142
			41	141
			42	140
			43	139
			43	138
			44	138
			45	137
			45	136
			46	135
			47	134
			48	133
			49	132
			49	131
			50	130
			51	129
			52	128
			53	127
			54	126
			55	125
			56	124
			57	123
			57	122
			58	121
			59	120
			60	119
			61	118
			62	117
			63	116
			64	115
			65	114
			66	113
			67	112
			68	111
			68	110
			69	109
			70	108
			71	107
			72	106
			73	106
			73	105
			74	104
			75	103
			76	103
			77	103
			78	102
			79	102
			80	101
			81	101
			82	100
			83	100
			84	100
			85	99
			86	99
			87	99
			88	98
			89	98
			90	97
			91	97
			92	97
			93	96
			94	96
			95	95
			96	95
			97	95
			98	94
			99	94
			100	94
			101	93
			102	93
			103	92
			104	92
			105	92
			106	92
			107	91
			108	91
			109	90
			110	90
			111	90
			112	90
			113	89
			114	89
			115	89
			116	88
			117	88
			118	88
			119	87
			120	87
			121	87
			122	86
			123	86
			124	86
			125	85
			126	85
			127	85
			128	84
			129	84
			130	84
			131	83
			132	83
			133	83
			134	82
			135	82
			136	82
			137	82
			138	81
			139	81
			140	81
			141	81
			142	80
			143	80
			144	80
			145	80
			146	79
			147	79
			148	79
			149	79
			150	79
			151	78
			152	78
			153	78
			154	78
			155	78
			156	77
			157	77
			158	77
			159	77
			160	77
			161	76
			162	76
			163	76
			164	76
			165	76
			166	76
			167	75
			168	75
			169	75
			170	75
			171	75
			171	74
			172	74
			173	74
			174	74
			175	74
			176	74
			177	73
			178	73
			179	73
			180	73
			181	73
			182	73
			183	72
			184	72
			185	72
			186	72
			187	72
			188	71
			189	71
			190	71
			191	71
			192	71
			193	71
			194	70
			195	70
			196	70
			197	70
			198	70
			199	70
			200	69
			201	69
			202	69
			203	69
			204	69
			205	69
			206	68
			207	68
			208	68
			209	68
			210	68
			211	68
			212	67
			213	67
			214	67
			215	67
			216	67
			217	67
			218	66
			219	66
			220	66
			221	66
			222	66
			223	66
			224	65
			225	65
			226	65
			227	65
			228	65
			229	65
			230	65
			231	64
			232	64
			233	64
			234	64
			235	64
			236	64
			237	64
			237	63
			238	63
			239	63
			240	63
			241	63
			242	63
			243	63
			244	62
			245	62
			246	62
			247	62
			248	62
			249	62
			250	62
			251	61
			252	61
			253	61
			254	61
			255	61
			256	61
			257	61
			258	61
			259	61
			260	61
			261	62
			262	62
			263	62
			264	62
			265	62
			266	62
			267	62
			268	62
			269	62
			270	62
			271	62
			272	62
			273	63
			274	63
			275	63
			276	63
			277	63
			278	63
			279	63
			280	63
			281	63
			282	63
			283	64
			284	64
			285	64
			286	64
			287	64
			288	64
			289	64
			290	64
			291	64
			292	64
			293	65
			294	65
			295	65
			296	65
			297	65
			298	65
			299	65
			300	65
			301	65
			301	66
			302	66
			303	66
			304	66
			305	66
			306	66
			307	66
			308	66
			309	67
			310	67
			311	67
			312	67
			313	67
			314	67
			315	67
			316	68
			317	68
			318	68
			319	68
			320	68
			321	68
			322	69
			323	69
			324	69
			325	69
			326	69
			327	70
			328	70
			329	70
			330	70
			331	70
			332	71
			333	71
			334	71
			335	71
			336	72
			337	72
			338	72
			339	73
			340	73
			341	73
			342	74
			343	74
			344	74
			345	75
			346	75
			347	75
			348	76
			349	76
			350	76
			351	77
			352	77
			353	77
			354	77
			354	78
			355	78
			356	78
			357	79
			358	79
			359	79
			360	79
			361	80
			362	80
			363	81
			364	81
			365	81
			366	81
			367	82
			368	82
			369	82
			370	83
			371	83
			372	83
			373	84
			374	84
			375	84
			376	85
			377	85
			378	85
			379	86
			380	86
			381	86
			382	87
			383	87
			384	87
			385	88
			386	88
			387	88
			388	89
			389	89
			390	89
			391	90
			392	90
			393	90
			394	91
			395	91
			396	91
			397	91
			398	92
			399	92
		</head>
		<dorsal type=matrix rownames=FALSE colnames=FALSE nrow=53 ncol=2 as.numeric=TRUE >
			399	92
			400	92
			400	93
			401	93
			402	94
			403	94
			404	95
			405	95
			406	96
			407	97
			408	97
			409	98
			410	98
			411	99
			412	100
			413	100
			414	101
			415	102
			416	102
			417	103
			418	104
			419	104
			420	105
			421	106
			422	107
			423	107
			424	108
			425	109
			426	110
			427	110
			428	111
			429	112
			430	113
			431	114
			432	114
			433	115
			434	116
			435	117
			436	117
			437	118
			438	119
			439	120
			440	121
			441	121
			442	122
			443	123
			444	124
			445	124
			446	125
			447	126
			448	127
			448	128
			449	128
		</dorsal>
		<caudal_dors_ant type=matrix rownames=FALSE colnames=FALSE nrow=49 ncol=2 as.numeric=TRUE >
			449	128
			450	128
			451	129
			452	130
			453	130
			454	131
			455	131
			456	131
			457	132
			458	132
			459	133
			460	133
			461	134
			462	134
			463	135
			464	135
			465	135
			466	136
			467	136
			468	137
			469	137
			470	137
			470	138
			471	138
			472	138
			473	139
			474	139
			475	139
			476	139
			477	140
			478	140
			479	141
			480	141
			481	141
			482	141
			483	142
			484	142
			485	142
			486	143
			487	143
			488	143
			489	144
			490	144
			491	145
			492	145
			493	145
			494	145
			495	146
			496	146
		</caudal_dors_ant>
		<caud_dors_post type=matrix rownames=FALSE colnames=FALSE nrow=12 ncol=2 as.numeric=TRUE >
			496	146
			497	146
			498	146
			499	146
			500	146
			501	146
			502	146
			503	146
			504	145
			505	145
			506	145
			507	145
		</caud_dors_post>
		<caud_vent_post type=matrix rownames=FALSE colnames=FALSE nrow=18 ncol=2 as.numeric=TRUE >
			500	186
			499	186
			498	186
			497	185
			496	185
			495	185
			494	185
			493	185
			492	184
			491	184
			490	184
			489	184
			488	184
			487	184
			486	183
			485	183
			484	183
			483	183
		</caud_vent_post>
		<caudal_vent_ant type=matrix rownames=FALSE colnames=FALSE nrow=35 ncol=2 as.numeric=TRUE >
			483	183
			482	183
			481	183
			480	184
			479	184
			478	184
			477	184
			476	184
			475	184
			474	185
			473	185
			472	185
			471	185
			470	186
			469	186
			468	186
			467	186
			466	187
			465	187
			464	187
			463	187
			462	187
			461	187
			460	187
			459	187
			458	187
			457	187
			456	187
			455	187
			454	188
			453	188
			452	188
			451	188
			450	188
			449	188
		</caudal_vent_ant>
		<anal type=matrix rownames=FALSE colnames=FALSE nrow=51 ncol=2 as.numeric=TRUE >
			449	188
			448	188
			447	188
			447	189
			446	189
			445	189
			444	190
			443	190
			442	190
			441	191
			440	191
			439	191
			438	192
			437	192
			436	193
			435	193
			434	193
			433	194
			432	194
			431	194
			430	195
			429	195
			428	196
			427	196
			426	197
			425	197
			424	197
			423	198
			422	198
			421	198
			421	199
			420	199
			419	199
			418	200
			417	200
			416	201
			415	201
			414	202
			413	202
			412	202
			412	203
			411	203
			410	204
			409	204
			408	205
			407	205
			406	206
			405	206
			404	207
			403	207
			402	208
		</anal>
		<ventral_body type=matrix rownames=FALSE colnames=FALSE nrow=381 ncol=2 as.numeric=TRUE >
			402	208
			401	208
			400	209
			399	209
			398	210
			397	210
			396	210
			396	211
			395	211
			394	211
			393	212
			392	212
			391	212
			390	213
			389	213
			388	213
			387	214
			386	214
			385	215
			384	215
			383	215
			382	216
			381	216
			380	216
			379	217
			378	217
			377	217
			376	218
			375	218
			374	219
			373	219
			372	219
			371	220
			370	220
			369	220
			368	221
			367	221
			366	221
			365	222
			364	222
			363	222
			362	223
			361	223
			360	223
			359	224
			358	224
			357	224
			356	225
			355	225
			354	225
			353	226
			352	226
			351	226
			350	227
			349	227
			348	227
			347	228
			346	228
			345	228
			344	229
			343	229
			342	229
			341	229
			340	230
			339	230
			338	230
			337	231
			336	231
			335	231
			334	231
			333	232
			332	232
			331	232
			330	232
			329	233
			328	233
			327	233
			326	233
			325	233
			324	233
			323	234
			322	234
			321	234
			320	234
			319	234
			318	235
			317	235
			316	235
			315	235
			314	235
			313	235
			312	236
			311	236
			310	236
			309	236
			308	236
			307	236
			306	237
			305	237
			304	237
			303	237
			302	237
			301	237
			300	237
			299	237
			298	238
			297	238
			296	238
			295	238
			294	238
			293	238
			292	238
			291	238
			290	238
			289	238
			289	239
			288	239
			287	239
			286	239
			285	239
			284	239
			283	239
			282	239
			281	239
			280	239
			279	239
			278	239
			277	239
			276	240
			275	240
			274	240
			273	240
			272	240
			271	240
			270	240
			269	240
			268	240
			267	240
			266	240
			265	240
			264	240
			263	240
			262	240
			261	239
			260	239
			259	239
			258	239
			257	239
			256	239
			255	239
			254	238
			253	238
			252	238
			251	238
			250	238
			249	238
			248	238
			247	238
			246	237
			245	237
			244	237
			243	237
			242	237
			241	237
			240	237
			239	237
			238	237
			237	236
			236	236
			235	236
			234	236
			233	236
			232	236
			231	236
			230	236
			229	236
			228	236
			227	236
			226	236
			225	235
			224	235
			223	235
			222	235
			221	235
			220	235
			219	235
			218	235
			217	235
			216	235
			215	235
			214	235
			213	235
			212	235
			211	234
			210	234
			209	234
			208	234
			207	234
			206	234
			205	234
			204	234
			203	234
			202	234
			201	234
			200	234
			199	234
			198	234
			197	234
			196	234
			195	234
			194	234
			193	234
			192	234
			191	234
			190	234
			189	234
			188	234
			187	234
			186	234
			185	234
			184	234
			183	233
			182	233
			181	233
			180	233
			179	233
			178	233
			177	233
			176	233
			175	233
			174	233
			173	233
			172	233
			171	233
			170	233
			169	233
			168	233
			167	233
			166	233
			165	233
			164	233
			163	233
			162	233
			161	233
			160	233
			159	233
			158	233
			157	233
			156	233
			155	233
			154	233
			153	233
			152	233
			151	233
			150	233
			149	233
			148	233
			147	233
			146	233
			145	233
			144	233
			143	233
			142	233
			141	233
			140	233
			139	233
			138	233
			137	233
			136	233
			135	233
			134	232
			133	232
			132	232
			131	232
			130	232
			129	232
			128	232
			127	232
			126	231
			125	231
			124	231
			123	231
			122	231
			121	231
			120	231
			119	230
			118	230
			117	230
			116	230
			115	230
			114	230
			113	230
			112	230
			111	229
			110	229
			109	229
			108	229
			107	229
			106	229
			105	229
			104	229
			103	228
			102	228
			101	228
			100	228
			99	228
			98	228
			97	228
			96	228
			95	227
			94	227
			93	227
			92	227
			91	227
			90	227
			89	227
			88	227
			87	226
			86	226
			85	226
			84	226
			83	226
			82	225
			81	225
			80	224
			79	223
			78	222
			77	222
			76	221
			75	220
			74	220
			73	219
			72	218
			71	218
			71	217
			70	217
			69	216
			68	216
			68	215
			67	215
			66	214
			65	213
			64	212
			63	212
			62	211
			61	210
			60	209
			60	208
			59	207
			59	206
			58	205
			57	204
			57	203
			56	202
			55	201
			55	200
			54	199
			53	198
			53	197
			52	196
			51	195
			51	194
			50	193
			49	192
			48	192
			47	191
			46	191
			45	190
			44	190
			43	189
			42	188
			41	188
			40	187
			39	186
			38	186
			37	185
			36	184
			36	183
			35	183
			35	182
			34	181
		</ventral_body>
		<operculum type=matrix rownames=FALSE colnames=FALSE nrow=84 ncol=2 as.numeric=TRUE >
			185	160
			184	160
			183	160
			182	159
			181	159
			180	159
			179	158
			178	158
			177	158
			176	158
			175	157
			174	157
			173	157
			172	156
			171	156
			170	156
			169	156
			168	155
			167	155
			166	154
			165	153
			164	153
			163	152
			162	151
			161	150
			160	149
			159	148
			158	147
			157	146
			157	145
			156	144
			156	143
			157	142
			158	141
			159	140
			160	140
			161	140
			162	140
			163	140
			164	140
			165	140
			166	140
			167	139
			168	139
			169	139
			168	139
			167	138
			166	138
			165	138
			164	137
			163	137
			162	136
			161	135
			161	134
			160	134
			160	133
			159	132
			158	131
			158	130
			158	129
			158	128
			158	127
			158	126
			158	125
			158	124
			158	123
			158	122
			158	121
			159	120
			159	119
			160	118
			161	117
			162	116
			162	115
			163	114
			164	113
			165	112
			166	111
			167	111
			167	110
			168	110
			169	109
			170	109
			171	108
		</operculum>
	</curves.pixel>
</shapes>

