<shapes type=list>
	<scaling type=logical names=FALSE length=1 as.numeric=FALSE >NA</scaling>
	<landmarks.pixel type=matrix rownames=TRUE colnames=FALSE nrow=15 ncol=2 as.numeric=TRUE >
		pectoral_dors	251	365
		pectoral_vent	243	402
		premax_post	94	323
		upper_jaw	85	309
		dorsal_ant	484	201
		dorsal_post	711	289
		caud_pedunc_dors	755	296
		caud_scale_dors	789	294
		caud_scale_vent	780	395
		caud_pedunc_vent	747	391
		anal_post	715	388
		anal_ant	504	466
		lower_jaw	78	320
		operc_vent	215	378
		oper_dor	254	327
	</landmarks.pixel>
	<curves.control type=list>
		<head type=matrix rownames=FALSE colnames=FALSE nrow=17 ncol=2 as.numeric=TRUE >
			85	309
			93	296
			113	287
			148	267
			170	258
			188	250
			203	236
			219	218
			236	212
			265	209
			283	213
			307	212
			345	210
			382	208
			417	206
			447	202
			484	201
		</head>
		<dorsal type=matrix rownames=FALSE colnames=FALSE nrow=9 ncol=2 as.numeric=TRUE >
			484	201
			514	207
			550	214
			595	231
			631	247
			677	265
			691	273
			703	280
			711	289
		</dorsal>
		<caudal_dors_ant type=matrix rownames=FALSE colnames=FALSE nrow=3 ncol=2 as.numeric=TRUE >
			711	289
			737	292
			755	296
		</caudal_dors_ant>
		<caud_dors_post type=matrix rownames=FALSE colnames=FALSE nrow=3 ncol=2 as.numeric=TRUE >
			755	296
			775	297
			789	294
		</caud_dors_post>
		<caud_vent_post type=matrix rownames=FALSE colnames=FALSE nrow=3 ncol=2 as.numeric=TRUE >
			780	395
			762	393
			747	391
		</caud_vent_post>
		<caudal_vent_ant type=matrix rownames=FALSE colnames=FALSE nrow=3 ncol=2 as.numeric=TRUE >
			747	391
			730	390
			715	388
		</caudal_vent_ant>
		<anal type=matrix rownames=FALSE colnames=FALSE nrow=7 ncol=2 as.numeric=TRUE >
			715	388
			688	405
			652	418
			565	448
			537	455
			516	462
			504	466
		</anal>
		<ventral_body type=matrix rownames=FALSE colnames=FALSE nrow=31 ncol=2 as.numeric=TRUE >
			504	466
			495	468
			484	471
			480	479
			474	490
			466	488
			451	491
			431	498
			407	508
			390	512
			372	516
			327	512
			298	505
			269	496
			243	485
			217	475
			188	458
			166	448
			146	437
			128	426
			110	407
			99	395
			94	390
			89	380
			86	368
			84	361
			79	354
			77	347
			75	335
			77	330
			78	320
		</ventral_body>
		<operculum type=matrix rownames=FALSE colnames=FALSE nrow=5 ncol=2 as.numeric=TRUE >
			215	378
			227	362
			235	351
			245	339
			254	327
		</operculum>
	</curves.control>
	<curves.pixel type=list>
		<head type=matrix rownames=FALSE colnames=FALSE nrow=408 ncol=2 as.numeric=TRUE >
			85	309
			86	308
			86	307
			87	306
			88	305
			88	304
			89	303
			90	302
			91	302
			92	301
			93	300
			94	299
			95	298
			96	297
			97	297
			98	296
			99	295
			100	294
			101	293
			102	293
			103	292
			104	292
			105	291
			106	290
			107	290
			108	289
			109	289
			110	288
			111	288
			112	287
			113	287
			114	286
			115	286
			116	285
			117	284
			118	284
			119	284
			120	283
			121	283
			121	282
			122	282
			123	281
			124	281
			125	280
			126	280
			127	279
			128	279
			129	278
			130	278
			131	277
			132	276
			133	276
			134	275
			135	275
			136	274
			137	274
			138	273
			139	273
			140	272
			141	271
			142	271
			143	270
			144	270
			145	270
			146	269
			147	269
			148	268
			149	268
			150	267
			151	267
			152	266
			153	266
			153	265
			154	265
			155	265
			156	264
			157	264
			158	263
			159	263
			160	262
			161	262
			162	261
			163	261
			164	260
			165	260
			166	260
			167	259
			168	259
			169	259
			170	258
			171	257
			172	257
			173	257
			174	256
			175	256
			175	255
			176	255
			177	255
			178	254
			179	254
			180	253
			181	252
			182	252
			183	251
			184	251
			185	250
			186	249
			187	249
			188	248
			189	247
			190	247
			191	246
			192	245
			193	245
			194	244
			194	243
			195	243
			196	242
			197	241
			198	240
			199	240
			200	239
			201	238
			202	237
			202	236
			203	236
			204	235
			205	234
			206	233
			207	232
			208	231
			209	230
			210	229
			211	228
			212	227
			213	226
			214	225
			215	225
			215	224
			216	223
			217	222
			218	222
			219	221
			220	220
			221	220
			222	219
			223	218
			224	218
			225	217
			226	217
			227	216
			228	216
			229	215
			230	215
			231	214
			232	214
			233	213
			234	213
			235	212
			236	212
			237	212
			238	212
			239	212
			240	212
			241	212
			242	211
			243	211
			244	211
			245	211
			246	211
			247	211
			248	211
			249	211
			250	211
			251	211
			252	211
			253	211
			254	211
			255	211
			256	211
			257	211
			258	211
			259	211
			260	211
			261	211
			262	211
			263	211
			264	211
			265	211
			266	211
			267	211
			268	211
			269	211
			270	211
			271	211
			272	211
			273	211
			274	211
			275	212
			276	212
			277	212
			278	212
			279	212
			280	212
			281	213
			282	213
			283	213
			284	213
			285	213
			286	213
			287	213
			288	213
			289	213
			290	213
			291	213
			292	213
			293	213
			294	213
			295	212
			296	212
			297	212
			298	212
			299	212
			300	212
			301	212
			302	212
			303	212
			304	212
			305	212
			306	212
			307	212
			308	212
			309	212
			310	212
			311	212
			312	212
			313	212
			314	212
			315	212
			316	211
			317	211
			318	211
			319	211
			320	211
			321	211
			322	211
			323	211
			324	211
			325	211
			326	211
			327	211
			328	211
			329	211
			330	211
			331	211
			332	211
			333	211
			334	211
			335	211
			336	210
			337	210
			338	210
			339	210
			340	210
			341	210
			342	210
			343	210
			344	210
			345	210
			346	210
			347	210
			348	210
			349	210
			350	210
			351	210
			352	210
			353	210
			354	210
			355	209
			356	209
			357	209
			358	209
			359	209
			360	209
			361	209
			362	209
			363	209
			364	209
			365	209
			366	209
			367	209
			368	209
			369	209
			370	209
			371	209
			372	209
			373	208
			374	208
			375	208
			376	208
			377	208
			378	208
			379	208
			380	208
			381	208
			382	208
			383	208
			384	208
			385	208
			386	208
			387	208
			388	208
			389	208
			390	208
			391	207
			392	207
			393	207
			394	207
			395	207
			396	207
			397	207
			398	207
			399	207
			400	207
			401	207
			402	207
			403	207
			404	207
			405	207
			406	207
			407	207
			408	206
			409	206
			410	206
			411	206
			412	206
			413	206
			414	206
			415	206
			416	206
			417	206
			418	206
			419	206
			420	206
			421	206
			422	205
			423	205
			424	205
			425	205
			426	205
			427	205
			428	205
			429	205
			430	204
			431	204
			432	204
			433	204
			434	204
			435	204
			436	204
			437	204
			438	204
			439	204
			440	203
			441	203
			442	203
			443	203
			444	203
			445	203
			446	203
			447	203
			448	203
			449	203
			450	203
			451	203
			452	203
			453	202
			454	202
			455	202
			456	202
			457	202
			458	202
			459	202
			460	202
			461	202
			462	202
			463	202
			464	202
			465	202
			466	202
			467	202
			468	202
			469	202
			470	201
			471	201
			472	201
			473	201
			474	201
			475	201
			476	201
			477	201
			478	201
			479	201
			480	201
			481	201
			482	201
			483	201
			484	201
		</head>
		<dorsal type=matrix rownames=FALSE colnames=FALSE nrow=243 ncol=2 as.numeric=TRUE >
			484	201
			485	201
			486	201
			487	202
			488	202
			489	202
			490	202
			491	202
			492	203
			493	203
			494	203
			495	203
			496	203
			497	204
			498	204
			499	204
			500	204
			501	204
			502	205
			503	205
			504	205
			505	205
			506	205
			507	206
			508	206
			509	206
			510	206
			511	206
			512	207
			513	207
			514	207
			515	207
			516	207
			517	207
			517	208
			518	208
			519	208
			520	208
			521	208
			522	209
			523	209
			524	209
			525	209
			526	209
			527	210
			528	210
			529	210
			530	210
			531	210
			532	210
			533	211
			534	211
			535	211
			536	211
			537	211
			538	212
			539	212
			540	212
			541	212
			542	212
			543	213
			544	213
			545	213
			546	213
			547	213
			548	214
			549	214
			550	214
			551	214
			552	215
			553	215
			554	216
			555	216
			556	216
			557	217
			558	217
			559	217
			560	218
			561	218
			562	219
			563	219
			564	219
			565	220
			566	220
			567	221
			568	221
			569	221
			570	221
			570	222
			571	222
			572	222
			573	223
			574	223
			575	224
			576	224
			577	225
			578	225
			579	225
			580	226
			581	226
			582	226
			583	227
			584	227
			585	228
			586	228
			587	229
			588	229
			589	229
			590	230
			591	230
			592	230
			592	231
			593	231
			594	231
			595	232
			596	232
			597	233
			598	233
			599	233
			600	234
			601	234
			602	235
			603	235
			604	236
			605	236
			606	236
			607	237
			608	237
			609	237
			609	238
			610	238
			611	238
			612	239
			613	239
			614	239
			614	240
			615	240
			616	240
			617	241
			618	241
			618	242
			619	242
			620	242
			621	243
			622	243
			623	243
			623	244
			624	244
			625	244
			626	245
			627	245
			628	246
			629	246
			630	247
			631	247
			632	247
			633	248
			634	248
			635	249
			636	249
			637	249
			638	250
			639	250
			640	251
			641	251
			642	251
			642	252
			643	252
			644	252
			645	252
			646	253
			647	253
			648	254
			649	254
			650	254
			651	255
			652	255
			652	256
			653	256
			654	256
			655	257
			656	257
			657	257
			657	258
			658	258
			659	258
			660	259
			661	259
			662	260
			663	260
			664	260
			665	261
			666	261
			667	261
			667	262
			668	262
			669	263
			670	263
			671	263
			671	264
			672	264
			673	264
			674	265
			675	265
			676	266
			677	266
			678	266
			678	267
			679	267
			680	267
			681	268
			682	268
			683	269
			684	269
			685	270
			686	270
			687	271
			688	271
			689	272
			690	273
			691	273
			692	274
			693	274
			694	275
			695	275
			696	276
			697	277
			698	277
			698	278
			699	278
			700	279
			701	280
			702	280
			702	281
			703	282
			704	282
			705	283
			706	284
			707	285
			708	286
			709	287
			710	288
			711	289
		</dorsal>
		<caudal_dors_ant type=matrix rownames=FALSE colnames=FALSE nrow=46 ncol=2 as.numeric=TRUE >
			711	289
			712	289
			713	289
			714	289
			715	289
			716	290
			717	290
			718	290
			719	290
			720	290
			721	290
			722	290
			723	291
			724	291
			725	291
			726	291
			727	291
			728	291
			729	291
			730	291
			730	292
			731	292
			732	292
			733	292
			734	292
			735	292
			736	292
			737	293
			738	293
			739	293
			740	293
			741	293
			742	293
			743	294
			744	294
			745	294
			746	294
			747	294
			748	295
			749	295
			750	295
			751	295
			752	295
			753	296
			754	296
			755	296
		</caudal_dors_ant>
		<caud_dors_post type=matrix rownames=FALSE colnames=FALSE nrow=35 ncol=2 as.numeric=TRUE >
			755	296
			756	296
			757	296
			758	296
			759	296
			760	296
			761	296
			762	296
			763	296
			764	296
			765	296
			766	296
			767	296
			768	296
			769	296
			770	296
			771	296
			772	296
			773	296
			774	296
			775	296
			776	296
			777	296
			778	296
			779	296
			780	295
			781	295
			782	295
			783	295
			784	295
			785	295
			786	295
			787	294
			788	294
			789	294
		</caud_dors_post>
		<caud_vent_post type=matrix rownames=FALSE colnames=FALSE nrow=34 ncol=2 as.numeric=TRUE >
			780	395
			779	395
			778	395
			777	395
			776	395
			775	394
			774	394
			773	394
			772	394
			771	394
			770	394
			769	394
			768	394
			767	393
			766	393
			765	393
			764	393
			763	393
			762	393
			761	393
			760	393
			759	393
			758	392
			757	392
			756	392
			755	392
			754	392
			753	392
			752	392
			751	392
			750	391
			749	391
			748	391
			747	391
		</caud_vent_post>
		<caudal_vent_ant type=matrix rownames=FALSE colnames=FALSE nrow=33 ncol=2 as.numeric=TRUE >
			747	391
			746	391
			745	391
			744	391
			743	391
			742	391
			741	391
			740	391
			739	390
			738	390
			737	390
			736	390
			735	390
			734	390
			733	390
			732	390
			731	390
			730	390
			729	390
			728	389
			727	389
			726	389
			725	389
			724	389
			723	389
			722	389
			721	389
			720	389
			719	388
			718	388
			717	388
			716	388
			715	388
		</caudal_vent_ant>
		<anal type=matrix rownames=FALSE colnames=FALSE nrow=219 ncol=2 as.numeric=TRUE >
			715	388
			714	388
			714	389
			713	389
			712	390
			711	390
			711	391
			710	391
			709	392
			708	392
			707	393
			706	393
			705	394
			704	394
			703	395
			702	395
			701	396
			700	397
			699	398
			698	398
			697	398
			697	399
			696	399
			695	399
			694	400
			693	400
			692	401
			691	402
			690	402
			689	402
			688	403
			687	403
			687	404
			686	404
			685	404
			684	405
			683	405
			682	406
			681	406
			680	406
			679	407
			678	408
			677	408
			676	409
			675	409
			674	409
			674	410
			673	410
			672	410
			671	411
			670	411
			669	412
			668	412
			667	412
			666	413
			665	413
			664	414
			663	414
			662	414
			661	415
			660	415
			659	416
			658	416
			657	416
			656	417
			655	417
			654	417
			653	418
			652	418
			651	418
			650	419
			649	419
			648	419
			647	420
			646	420
			645	420
			644	421
			643	421
			642	422
			641	422
			640	422
			639	423
			638	423
			637	423
			636	424
			635	424
			634	424
			633	425
			632	425
			631	425
			630	426
			629	426
			628	426
			627	427
			626	427
			625	427
			624	428
			623	428
			622	428
			621	429
			620	429
			619	429
			618	430
			617	430
			616	430
			615	430
			615	431
			614	431
			613	431
			612	432
			611	432
			610	432
			609	433
			608	433
			607	433
			606	434
			605	434
			604	434
			603	435
			602	435
			601	435
			600	436
			599	436
			598	436
			597	437
			596	437
			595	437
			594	438
			593	438
			592	438
			591	439
			590	439
			589	439
			588	440
			587	440
			586	440
			585	441
			584	441
			583	441
			582	441
			582	442
			581	442
			580	442
			579	442
			578	443
			577	443
			576	444
			575	444
			574	444
			573	444
			572	445
			571	445
			570	445
			569	446
			568	446
			567	446
			566	447
			565	447
			564	447
			563	447
			562	448
			561	448
			560	449
			559	449
			558	449
			557	449
			556	450
			555	450
			554	450
			553	451
			552	451
			551	451
			550	451
			549	452
			548	452
			547	452
			546	453
			545	453
			544	453
			543	453
			542	454
			541	454
			540	454
			539	455
			538	455
			537	455
			536	455
			535	456
			534	456
			533	456
			532	457
			531	457
			530	457
			529	458
			528	458
			527	458
			526	459
			525	459
			524	459
			523	460
			522	460
			521	460
			520	461
			519	461
			518	461
			517	462
			516	462
			515	462
			514	463
			513	463
			512	463
			511	464
			510	464
			509	464
			508	465
			507	465
			506	465
			505	466
			504	466
		</anal>
		<ventral_body type=matrix rownames=FALSE colnames=FALSE nrow=505 ncol=2 as.numeric=TRUE >
			504	466
			503	466
			502	466
			501	467
			500	467
			499	467
			498	467
			497	468
			496	468
			495	468
			494	468
			493	469
			492	469
			491	469
			490	469
			489	470
			488	470
			487	470
			486	471
			485	471
			484	471
			484	472
			483	472
			483	473
			483	474
			482	474
			482	475
			482	476
			481	477
			480	478
			480	479
			479	480
			479	481
			478	482
			478	483
			477	484
			477	485
			476	486
			476	487
			475	488
			475	489
			474	490
			473	490
			472	490
			471	489
			470	489
			469	489
			468	489
			467	489
			466	489
			465	489
			464	489
			463	489
			462	489
			461	489
			460	490
			459	490
			458	490
			457	490
			456	490
			455	490
			454	490
			453	491
			452	491
			451	491
			450	491
			449	492
			448	492
			447	492
			446	493
			445	493
			444	494
			443	494
			442	494
			441	495
			440	495
			439	495
			438	496
			437	496
			436	497
			435	497
			434	497
			433	498
			432	498
			431	498
			430	499
			429	499
			428	499
			427	500
			426	500
			425	501
			424	501
			423	502
			422	502
			421	502
			420	503
			419	503
			418	504
			417	504
			416	504
			415	505
			414	505
			413	506
			412	506
			411	506
			410	507
			409	507
			408	508
			407	508
			406	508
			405	508
			404	509
			403	509
			402	509
			401	509
			400	510
			399	510
			398	510
			397	510
			396	511
			395	511
			394	511
			393	511
			392	511
			391	512
			390	512
			389	512
			388	512
			387	513
			386	513
			385	513
			384	513
			383	513
			382	514
			381	514
			380	514
			379	514
			378	515
			377	515
			376	515
			375	515
			374	516
			373	516
			372	516
			371	516
			370	516
			369	516
			368	516
			367	516
			366	515
			365	515
			364	515
			363	515
			362	515
			361	515
			360	515
			359	515
			358	515
			357	514
			356	514
			355	514
			354	514
			353	514
			352	514
			351	514
			350	514
			349	514
			348	513
			347	513
			346	513
			345	513
			344	513
			343	513
			342	513
			341	513
			340	512
			339	512
			338	512
			337	512
			336	512
			335	512
			334	512
			333	512
			333	511
			332	511
			331	511
			330	511
			329	511
			328	511
			327	511
			326	511
			325	510
			324	510
			323	510
			322	510
			321	510
			320	509
			319	509
			318	509
			317	509
			316	509
			315	509
			314	508
			313	508
			312	508
			311	508
			310	508
			309	507
			308	507
			307	507
			306	507
			305	507
			305	506
			304	506
			303	506
			302	506
			301	506
			300	506
			299	505
			298	505
			297	505
			296	504
			295	504
			294	504
			293	503
			292	503
			291	503
			290	502
			289	502
			288	502
			287	501
			286	501
			285	501
			284	500
			283	500
			282	500
			281	499
			280	499
			279	499
			278	498
			277	498
			276	498
			275	497
			274	497
			273	497
			272	496
			271	496
			270	496
			269	495
			268	495
			267	495
			266	494
			265	494
			264	494
			263	493
			262	492
			261	492
			260	492
			259	491
			258	491
			257	491
			256	490
			255	490
			254	490
			254	489
			253	489
			252	489
			251	488
			250	488
			249	487
			248	487
			247	487
			246	486
			245	486
			244	485
			243	485
			242	485
			241	484
			240	484
			239	484
			238	483
			237	483
			236	482
			235	482
			234	481
			233	481
			232	481
			231	480
			230	480
			229	479
			228	479
			227	478
			226	478
			225	478
			224	477
			223	476
			222	476
			221	475
			220	475
			219	474
			218	474
			217	473
			216	473
			215	472
			214	472
			213	471
			212	471
			211	471
			211	470
			210	470
			209	470
			209	469
			208	469
			207	468
			206	468
			205	467
			204	467
			203	467
			203	466
			202	466
			201	465
			200	465
			199	464
			198	464
			197	463
			196	463
			195	462
			194	462
			193	461
			192	460
			191	460
			190	459
			189	459
			189	458
			188	458
			187	458
			186	457
			185	457
			184	456
			183	456
			182	455
			181	455
			180	454
			179	454
			178	453
			177	453
			176	452
			175	452
			174	451
			173	451
			172	450
			171	450
			170	449
			169	449
			168	448
			167	448
			166	447
			165	447
			164	446
			163	446
			162	445
			161	445
			160	444
			159	444
			158	443
			157	443
			156	442
			155	442
			154	441
			153	441
			152	440
			151	440
			151	439
			150	439
			149	438
			148	438
			147	437
			146	437
			145	436
			144	436
			143	435
			142	435
			142	434
			141	434
			140	433
			139	433
			138	432
			137	431
			136	430
			135	429
			134	429
			133	428
			132	427
			131	426
			130	425
			129	425
			128	424
			127	423
			126	422
			125	421
			124	420
			123	419
			122	418
			121	418
			120	417
			119	416
			118	415
			117	414
			116	413
			115	412
			114	411
			113	410
			112	409
			111	408
			110	407
			109	406
			109	405
			108	405
			107	404
			106	403
			105	402
			104	401
			103	400
			102	399
			102	398
			101	398
			101	397
			100	396
			99	395
			98	394
			97	393
			96	392
			95	391
			94	390
			94	389
			93	388
			93	387
			92	386
			92	385
			91	384
			91	383
			90	382
			90	381
			90	380
			89	379
			89	378
			89	377
			88	376
			88	375
			88	374
			87	373
			87	372
			87	371
			86	370
			86	369
			86	368
			86	367
			85	366
			85	365
			85	364
			84	363
			84	362
			83	361
			83	360
			82	359
			82	358
			81	357
			81	356
			80	355
			79	355
			79	354
			79	353
			78	352
			78	351
			78	350
			78	349
			78	348
			77	347
			77	346
			77	345
			77	344
			77	343
			76	342
			76	341
			76	340
			76	339
			76	338
			75	337
			75	336
			75	335
			75	334
			76	333
			76	332
			76	331
			77	330
			77	329
			77	328
			77	327
			77	326
			77	325
			78	324
			78	323
			78	322
			78	321
			78	320
		</ventral_body>
		<operculum type=matrix rownames=FALSE colnames=FALSE nrow=55 ncol=2 as.numeric=TRUE >
			215	378
			216	377
			216	376
			217	375
			218	374
			219	373
			219	372
			220	371
			221	370
			221	369
			222	369
			223	368
			223	367
			224	366
			225	365
			225	364
			226	363
			227	362
			228	361
			229	360
			229	359
			230	358
			231	357
			231	356
			232	355
			233	354
			233	353
			234	353
			234	352
			235	351
			236	350
			237	349
			237	348
			238	347
			239	346
			240	345
			241	344
			242	343
			242	342
			243	342
			243	341
			244	340
			245	339
			246	338
			246	337
			247	336
			248	335
			249	334
			249	333
			250	332
			251	331
			252	330
			252	329
			253	328
			254	327
		</operculum>
	</curves.pixel>
</shapes>

