<shapes type=list>
	<scaling type=logical names=FALSE length=1 as.numeric=FALSE >NA</scaling>
	<landmarks.pixel type=matrix rownames=TRUE colnames=FALSE nrow=15 ncol=2 as.numeric=TRUE >
		pectoral_dors	296	168
		pectoral_vent	301	186
		premax_post	40	156
		upper_jaw	24	146
		dorsal_ant	407	105
		dorsal_post	460	122
		caud_pedunc_dors	495	129
		caud_scale_dors	529	129
		caud_scale_vent	525	159
		caud_pedunc_vent	496	160
		anal_post	467	169
		anal_ant	422	189
		lower_jaw	22	165
		operc_vent	289	173
		oper_dor	289	149
	</landmarks.pixel>
	<curves.control type=list>
		<head type=matrix rownames=FALSE colnames=FALSE nrow=21 ncol=2 as.numeric=TRUE >
			24	146
			37	143
			43	147
			46	152
			59	152
			87	153
			115	155
			150	153
			175	152
			194	145
			210	137
			231	132
			253	126
			269	122
			285	115
			299	111
			309	107
			330	108
			353	107
			380	106
			407	105
		</head>
		<dorsal type=matrix rownames=FALSE colnames=FALSE nrow=5 ncol=2 as.numeric=TRUE >
			407	105
			419	103
			434	107
			448	114
			460	122
		</dorsal>
		<caudal_dors_ant type=matrix rownames=FALSE colnames=FALSE nrow=5 ncol=2 as.numeric=TRUE >
			460	122
			471	124
			483	126
			489	127
			495	129
		</caudal_dors_ant>
		<caud_dors_post type=matrix rownames=FALSE colnames=FALSE nrow=5 ncol=2 as.numeric=TRUE >
			495	129
			504	129
			515	128
			522	128
			529	129
		</caud_dors_post>
		<caud_vent_post type=matrix rownames=FALSE colnames=FALSE nrow=5 ncol=2 as.numeric=TRUE >
			525	159
			517	160
			509	160
			502	160
			496	160
		</caud_vent_post>
		<caudal_vent_ant type=matrix rownames=FALSE colnames=FALSE nrow=5 ncol=2 as.numeric=TRUE >
			496	160
			485	160
			478	162
			471	163
			467	169
		</caudal_vent_ant>
		<anal type=matrix rownames=FALSE colnames=FALSE nrow=5 ncol=2 as.numeric=TRUE >
			467	169
			460	171
			448	175
			434	182
			422	189
		</anal>
		<ventral_body type=matrix rownames=FALSE colnames=FALSE nrow=23 ncol=2 as.numeric=TRUE >
			422	189
			415	195
			413	201
			413	210
			397	221
			373	220
			354	214
			325	212
			306	211
			290	212
			260	212
			239	203
			217	192
			190	182
			166	174
			147	171
			114	169
			68	167
			43	164
			36	165
			29	167
			25	167
			22	165
		</ventral_body>
		<operculum type=matrix rownames=FALSE colnames=FALSE nrow=5 ncol=2 as.numeric=TRUE >
			289	173
			287	164
			286	158
			287	153
			289	149
		</operculum>
	</curves.control>
	<curves.pixel type=list>
		<head type=matrix rownames=FALSE colnames=FALSE nrow=393 ncol=2 as.numeric=TRUE >
			24	146
			25	146
			26	146
			27	145
			28	145
			29	145
			30	145
			31	145
			32	145
			33	145
			34	145
			35	145
			36	145
			37	145
			38	145
			39	145
			40	145
			40	146
			41	146
			42	146
			42	147
			43	147
			43	148
			44	148
			45	149
			46	150
			47	150
			48	151
			49	151
			50	151
			51	151
			52	152
			53	152
			54	152
			55	152
			56	152
			57	152
			58	152
			59	152
			60	152
			61	152
			62	152
			63	152
			64	152
			65	152
			66	152
			67	152
			68	152
			69	152
			70	152
			71	152
			72	153
			73	153
			74	153
			75	153
			76	153
			77	153
			78	153
			79	153
			80	153
			81	153
			82	153
			83	153
			84	153
			85	153
			86	153
			87	153
			88	153
			89	153
			90	153
			91	153
			92	154
			93	154
			94	154
			95	154
			96	154
			97	154
			98	154
			99	154
			100	154
			101	154
			102	154
			103	154
			104	154
			105	154
			106	154
			107	154
			108	154
			108	155
			109	155
			110	155
			111	155
			112	155
			113	155
			114	155
			115	155
			116	155
			117	155
			118	155
			119	155
			120	155
			121	155
			122	155
			123	155
			124	155
			125	154
			126	154
			127	154
			128	154
			129	154
			130	154
			131	154
			132	154
			133	154
			134	154
			135	154
			136	154
			137	154
			138	154
			139	154
			140	154
			141	154
			142	154
			143	153
			144	153
			145	153
			146	153
			147	153
			148	153
			149	153
			150	153
			151	153
			152	153
			153	153
			154	153
			155	153
			156	153
			157	153
			158	153
			159	153
			160	153
			161	153
			162	153
			163	153
			163	152
			164	152
			165	152
			166	152
			167	152
			168	152
			169	152
			170	152
			171	152
			172	152
			173	152
			174	152
			175	152
			176	152
			177	151
			178	151
			179	150
			180	150
			181	150
			182	149
			183	149
			184	149
			184	148
			185	148
			186	148
			187	147
			188	147
			189	147
			189	146
			190	146
			191	146
			192	145
			193	145
			194	144
			195	144
			196	144
			197	143
			198	143
			199	142
			200	142
			201	141
			202	141
			203	141
			203	140
			204	140
			205	139
			206	139
			207	138
			208	138
			209	138
			210	137
			211	137
			212	137
			213	136
			214	136
			215	136
			216	136
			217	135
			218	135
			219	135
			220	135
			221	134
			222	134
			223	134
			224	134
			225	133
			226	133
			227	133
			228	132
			229	132
			230	132
			231	132
			232	131
			233	131
			234	131
			235	131
			236	130
			237	130
			238	130
			239	130
			240	129
			241	129
			242	129
			243	129
			244	129
			244	128
			245	128
			246	128
			247	128
			248	127
			249	127
			250	127
			251	127
			252	126
			253	126
			254	126
			255	125
			256	125
			257	125
			258	125
			259	124
			260	124
			261	124
			262	124
			263	123
			264	123
			265	123
			266	122
			267	122
			268	122
			269	121
			270	121
			271	120
			272	120
			273	120
			274	119
			275	119
			276	119
			277	118
			278	118
			279	118
			280	117
			281	117
			282	116
			283	116
			284	115
			285	115
			286	115
			287	114
			288	114
			289	114
			290	113
			291	113
			292	113
			293	113
			294	112
			295	112
			296	112
			297	111
			298	111
			299	111
			300	110
			301	110
			302	109
			303	109
			304	109
			305	108
			306	108
			307	108
			308	107
			309	107
			310	107
			311	107
			312	107
			313	107
			314	107
			315	107
			316	107
			317	107
			318	107
			319	107
			320	107
			321	107
			322	107
			323	107
			324	107
			325	107
			326	107
			327	107
			328	107
			329	107
			330	107
			331	107
			332	107
			333	107
			334	107
			335	107
			336	107
			337	107
			338	107
			339	107
			340	107
			341	107
			342	107
			343	107
			344	107
			345	107
			346	107
			347	107
			348	107
			349	107
			350	107
			351	107
			352	107
			353	107
			354	107
			355	107
			356	107
			357	107
			358	107
			359	107
			360	107
			361	107
			362	107
			363	107
			364	107
			365	107
			366	107
			367	106
			368	106
			369	106
			370	106
			371	106
			372	106
			373	106
			374	106
			375	106
			376	106
			377	106
			378	106
			379	106
			380	106
			381	106
			382	106
			383	106
			384	106
			385	106
			386	106
			387	106
			388	106
			389	106
			390	106
			391	106
			392	106
			393	106
			394	105
			395	105
			396	105
			397	105
			398	105
			399	105
			400	105
			401	105
			402	105
			403	105
			404	105
			405	105
			406	105
			407	105
		</head>
		<dorsal type=matrix rownames=FALSE colnames=FALSE nrow=58 ncol=2 as.numeric=TRUE >
			407	105
			408	105
			409	105
			410	105
			411	104
			412	104
			413	104
			414	104
			415	104
			416	104
			417	104
			418	104
			419	104
			420	105
			421	105
			422	105
			423	105
			424	105
			425	105
			426	105
			427	105
			428	106
			429	106
			430	106
			431	106
			432	107
			433	107
			434	107
			435	108
			436	108
			437	109
			438	109
			439	109
			439	110
			440	110
			441	110
			441	111
			442	111
			443	112
			444	112
			445	113
			446	114
			447	114
			448	114
			449	115
			450	115
			450	116
			451	116
			452	117
			453	117
			453	118
			454	118
			455	119
			456	119
			457	120
			458	121
			459	121
			460	122
		</dorsal>
		<caudal_dors_ant type=matrix rownames=FALSE colnames=FALSE nrow=36 ncol=2 as.numeric=TRUE >
			460	122
			461	122
			462	122
			463	123
			464	123
			465	123
			466	123
			467	123
			468	123
			469	124
			470	124
			471	124
			472	124
			473	124
			474	124
			475	125
			476	125
			477	125
			478	125
			479	125
			480	125
			481	126
			482	126
			483	126
			484	126
			485	126
			486	126
			487	127
			488	127
			489	127
			490	128
			491	128
			492	128
			493	128
			494	129
			495	129
		</caudal_dors_ant>
		<caud_dors_post type=matrix rownames=FALSE colnames=FALSE nrow=35 ncol=2 as.numeric=TRUE >
			495	129
			496	129
			497	129
			498	129
			499	129
			500	129
			501	129
			502	129
			503	129
			504	129
			505	129
			506	129
			507	129
			508	129
			509	128
			510	128
			511	128
			512	128
			513	128
			514	128
			515	128
			516	128
			517	128
			518	128
			519	128
			520	128
			521	128
			522	128
			523	128
			524	128
			525	129
			526	129
			527	129
			528	129
			529	129
		</caud_dors_post>
		<caud_vent_post type=matrix rownames=FALSE colnames=FALSE nrow=30 ncol=2 as.numeric=TRUE >
			525	159
			524	159
			523	159
			522	159
			521	159
			520	160
			519	160
			518	160
			517	160
			516	160
			515	160
			514	160
			513	160
			512	160
			511	160
			510	160
			509	160
			508	160
			507	160
			506	160
			505	160
			504	160
			503	160
			502	160
			501	160
			500	160
			499	160
			498	160
			497	160
			496	160
		</caud_vent_post>
		<caudal_vent_ant type=matrix rownames=FALSE colnames=FALSE nrow=32 ncol=2 as.numeric=TRUE >
			496	160
			495	160
			494	160
			493	160
			492	160
			491	160
			490	160
			489	160
			488	160
			487	160
			486	160
			486	161
			485	161
			484	161
			483	161
			482	161
			481	161
			480	161
			479	162
			478	162
			477	162
			476	163
			475	163
			474	163
			473	163
			472	164
			471	165
			470	166
			469	167
			468	167
			467	168
			467	169
		</caudal_vent_ant>
		<anal type=matrix rownames=FALSE colnames=FALSE nrow=47 ncol=2 as.numeric=TRUE >
			467	169
			466	169
			465	170
			464	170
			463	170
			462	171
			461	171
			460	171
			459	171
			458	172
			457	172
			456	172
			455	173
			454	173
			453	173
			452	174
			451	174
			450	174
			449	175
			448	175
			447	176
			446	176
			445	176
			444	177
			443	178
			442	178
			441	179
			440	179
			439	180
			438	180
			437	181
			436	181
			435	182
			434	182
			433	183
			432	184
			431	184
			430	185
			429	185
			428	186
			427	186
			426	187
			425	187
			424	188
			423	188
			423	189
			422	189
		</anal>
		<ventral_body type=matrix rownames=FALSE colnames=FALSE nrow=422 ncol=2 as.numeric=TRUE >
			422	189
			421	190
			420	191
			419	192
			418	193
			417	194
			416	195
			416	196
			415	196
			415	197
			414	198
			414	199
			413	200
			413	201
			413	202
			413	203
			413	204
			412	205
			412	206
			411	207
			411	208
			410	209
			409	210
			408	211
			408	212
			407	213
			406	213
			406	214
			405	215
			404	215
			403	216
			403	217
			402	217
			401	218
			400	219
			399	220
			398	220
			397	221
			396	221
			395	221
			394	221
			393	221
			392	221
			391	221
			390	221
			389	221
			388	220
			387	220
			386	220
			385	220
			384	220
			383	220
			382	220
			381	220
			380	220
			379	219
			378	219
			377	219
			376	219
			375	219
			374	219
			373	218
			372	218
			371	218
			370	218
			369	218
			368	218
			367	217
			366	217
			365	217
			364	217
			363	216
			362	216
			361	216
			360	216
			359	215
			358	215
			357	215
			356	215
			355	214
			354	214
			353	214
			352	214
			351	214
			350	214
			349	214
			348	214
			347	214
			347	213
			346	213
			345	213
			344	213
			343	213
			342	213
			341	213
			340	213
			339	213
			338	213
			337	213
			336	213
			335	213
			334	213
			333	213
			332	213
			331	212
			330	212
			329	212
			328	212
			327	212
			326	212
			325	212
			324	212
			323	212
			322	212
			321	212
			320	212
			319	212
			318	212
			317	212
			316	212
			315	212
			315	211
			314	211
			313	211
			312	211
			311	211
			310	211
			309	211
			308	211
			307	211
			306	211
			305	211
			304	211
			303	211
			302	211
			301	211
			300	211
			299	211
			298	211
			297	211
			296	211
			295	212
			294	212
			293	212
			292	212
			291	212
			290	212
			289	212
			288	212
			287	212
			286	212
			285	212
			284	212
			283	212
			282	212
			281	212
			280	212
			279	212
			278	212
			277	212
			276	212
			275	212
			274	212
			273	212
			272	212
			271	212
			270	212
			269	212
			268	212
			267	212
			266	212
			265	212
			264	212
			263	212
			262	212
			261	212
			260	212
			259	212
			258	211
			257	211
			256	210
			255	210
			254	209
			253	209
			252	209
			252	208
			251	208
			250	208
			249	207
			248	207
			247	206
			246	206
			245	205
			244	205
			243	205
			243	204
			242	204
			241	204
			240	203
			239	203
			239	202
			238	202
			237	202
			236	201
			235	201
			234	200
			233	200
			232	199
			231	199
			230	198
			229	198
			228	197
			227	197
			226	196
			225	196
			224	195
			223	195
			222	194
			221	194
			220	193
			219	193
			218	192
			217	192
			216	192
			215	191
			214	191
			213	190
			212	190
			211	190
			210	189
			209	189
			208	189
			207	188
			206	188
			205	187
			204	187
			203	187
			202	186
			201	186
			200	186
			199	185
			198	185
			197	185
			196	184
			195	184
			194	184
			193	183
			192	183
			191	183
			190	182
			189	182
			188	182
			188	181
			187	181
			186	181
			185	180
			184	180
			183	180
			182	180
			182	179
			181	179
			180	179
			179	178
			178	178
			177	178
			176	178
			176	177
			175	177
			174	177
			173	176
			172	176
			171	176
			170	176
			170	175
			169	175
			168	175
			167	174
			166	174
			165	174
			164	174
			163	174
			162	173
			161	173
			160	173
			159	173
			158	173
			157	173
			156	173
			155	172
			154	172
			153	172
			152	172
			151	172
			150	172
			149	172
			148	172
			147	172
			146	172
			145	171
			144	171
			143	171
			142	171
			141	171
			140	171
			139	171
			138	171
			137	171
			136	171
			135	170
			134	170
			133	170
			132	170
			131	170
			130	170
			129	170
			128	170
			127	170
			126	170
			125	170
			124	170
			123	170
			122	169
			121	169
			120	169
			119	169
			118	169
			117	169
			116	169
			115	169
			114	169
			113	169
			112	169
			111	169
			110	169
			109	169
			108	169
			107	169
			106	169
			105	169
			104	169
			103	168
			102	168
			101	168
			100	168
			99	168
			98	168
			97	168
			96	168
			95	168
			94	168
			93	168
			92	168
			91	168
			90	168
			89	168
			88	168
			87	168
			86	168
			85	167
			84	167
			83	167
			82	167
			81	167
			80	167
			79	167
			78	167
			77	167
			76	167
			75	167
			74	167
			73	167
			72	167
			71	167
			70	166
			69	166
			68	166
			67	166
			66	166
			65	166
			64	166
			63	166
			62	166
			61	166
			60	166
			59	166
			58	166
			57	165
			56	165
			55	165
			54	165
			53	165
			52	165
			51	165
			50	165
			49	165
			48	165
			47	164
			46	164
			45	164
			44	164
			43	164
			42	164
			41	164
			40	164
			39	165
			38	165
			37	165
			36	165
			35	165
			34	166
			33	166
			32	166
			31	166
			30	167
			29	167
			28	167
			27	167
			26	167
			25	166
			24	166
			23	166
			22	165
		</ventral_body>
		<operculum type=matrix rownames=FALSE colnames=FALSE nrow=25 ncol=2 as.numeric=TRUE >
			289	173
			289	172
			289	171
			288	170
			288	169
			288	168
			288	167
			287	166
			287	165
			287	164
			287	163
			287	162
			286	161
			286	160
			286	159
			286	158
			286	157
			286	156
			287	155
			287	154
			287	153
			288	152
			288	151
			289	150
			289	149
		</operculum>
	</curves.pixel>
</shapes>

