<shapes type=list>
	<scaling type=logical names=FALSE length=1 as.numeric=FALSE >NA</scaling>
	<landmarks.pixel type=matrix rownames=TRUE colnames=FALSE nrow=15 ncol=2 as.numeric=TRUE >
		pectoral_dors	271	244
		pectoral_vent	269	271
		premax_post	145	241
		upper_jaw	135	242
		dorsal_ant	385	133
		dorsal_post	432	202
		caud_pedunc_dors	454	215
		caud_scale_dors	477	213
		caud_scale_vent	475	252
		caud_pedunc_vent	456	250
		anal_post	431	262
		anal_ant	389	325
		lower_jaw	139	246
		operc_vent	259	263
		oper_dor	259	240
	</landmarks.pixel>
	<curves.control type=list>
		<head type=matrix rownames=FALSE colnames=FALSE nrow=19 ncol=2 as.numeric=TRUE >
			135	242
			141	234
			148	228
			156	227
			165	218
			172	212
			179	196
			194	179
			216	159
			235	138
			250	119
			260	108
			268	106
			302	109
			328	112
			352	118
			370	124
			378	128
			385	133
		</head>
		<dorsal type=matrix rownames=FALSE colnames=FALSE nrow=5 ncol=2 as.numeric=TRUE >
			385	133
			399	146
			412	159
			424	177
			432	202
		</dorsal>
		<caudal_dors_ant type=matrix rownames=FALSE colnames=FALSE nrow=5 ncol=2 as.numeric=TRUE >
			432	202
			439	209
			444	212
			449	215
			454	215
		</caudal_dors_ant>
		<caud_dors_post type=matrix rownames=FALSE colnames=FALSE nrow=3 ncol=2 as.numeric=TRUE >
			454	215
			466	215
			477	213
		</caud_dors_post>
		<caud_vent_post type=matrix rownames=FALSE colnames=FALSE nrow=3 ncol=2 as.numeric=TRUE >
			475	252
			466	251
			456	250
		</caud_vent_post>
		<caudal_vent_ant type=matrix rownames=FALSE colnames=FALSE nrow=5 ncol=2 as.numeric=TRUE >
			456	250
			447	252
			442	253
			436	258
			431	262
		</caudal_vent_ant>
		<anal type=matrix rownames=FALSE colnames=FALSE nrow=5 ncol=2 as.numeric=TRUE >
			431	262
			430	271
			422	291
			408	305
			389	325
		</anal>
		<ventral_body type=matrix rownames=FALSE colnames=FALSE nrow=19 ncol=2 as.numeric=TRUE >
			389	325
			379	331
			370	349
			359	363
			351	375
			319	370
			303	368
			290	361
			267	358
			253	347
			226	321
			210	304
			199	289
			188	282
			176	276
			168	271
			156	268
			148	257
			139	246
		</ventral_body>
		<operculum type=matrix rownames=FALSE colnames=FALSE nrow=5 ncol=2 as.numeric=TRUE >
			259	263
			255	256
			256	250
			257	245
			259	240
		</operculum>
	</curves.control>
	<curves.pixel type=list>
		<head type=matrix rownames=FALSE colnames=FALSE nrow=282 ncol=2 as.numeric=TRUE >
			135	242
			136	241
			136	240
			137	239
			138	238
			139	238
			139	237
			140	236
			141	235
			141	234
			142	233
			143	233
			144	232
			144	231
			145	230
			146	230
			147	229
			148	228
			149	228
			150	228
			151	227
			152	227
			153	226
			154	226
			155	226
			156	225
			157	225
			158	224
			159	224
			159	223
			160	222
			161	222
			162	221
			163	220
			164	219
			165	218
			166	217
			167	216
			168	215
			169	214
			170	213
			170	212
			171	212
			171	211
			172	210
			172	209
			173	209
			173	208
			174	207
			174	206
			175	205
			175	204
			176	203
			176	202
			177	201
			177	200
			178	199
			178	198
			179	197
			179	196
			180	195
			181	194
			182	193
			182	192
			183	192
			184	191
			184	190
			185	189
			186	189
			186	188
			187	187
			188	186
			189	186
			189	185
			190	184
			191	183
			192	182
			193	181
			194	180
			195	179
			196	178
			197	177
			198	176
			199	175
			200	174
			201	173
			202	172
			203	171
			204	170
			205	169
			206	168
			207	167
			208	166
			209	165
			210	164
			211	163
			212	162
			213	161
			214	161
			215	160
			216	159
			217	158
			218	157
			219	156
			219	155
			220	155
			221	154
			221	153
			222	152
			223	151
			224	150
			225	149
			226	148
			226	147
			227	146
			228	145
			229	145
			230	144
			230	143
			231	142
			232	141
			233	140
			233	139
			234	138
			235	137
			236	136
			237	135
			238	134
			239	133
			240	132
			241	131
			242	130
			242	129
			243	128
			244	127
			245	126
			246	125
			246	124
			247	123
			247	122
			248	122
			249	121
			249	120
			250	119
			251	118
			252	117
			253	116
			254	115
			255	114
			256	113
			257	112
			258	111
			259	110
			260	110
			261	109
			262	108
			263	108
			264	107
			265	107
			266	107
			267	106
			268	106
			269	106
			270	106
			271	106
			272	106
			273	106
			274	107
			275	107
			276	107
			277	107
			278	107
			279	107
			280	107
			281	107
			282	107
			283	107
			284	107
			285	108
			286	108
			287	108
			288	108
			289	108
			290	108
			291	108
			292	108
			293	108
			294	108
			295	109
			296	109
			297	109
			298	109
			299	109
			300	109
			301	109
			302	109
			303	109
			304	109
			305	110
			306	110
			307	110
			308	110
			309	110
			310	110
			311	110
			312	110
			313	110
			314	110
			315	111
			316	111
			317	111
			318	111
			319	111
			320	111
			321	111
			322	111
			323	111
			324	112
			325	112
			326	112
			327	112
			328	112
			329	112
			330	112
			331	113
			332	113
			333	113
			334	114
			335	114
			336	114
			337	114
			338	115
			339	115
			340	115
			341	115
			342	116
			343	116
			344	116
			345	117
			346	117
			347	117
			348	117
			349	118
			350	118
			351	118
			352	118
			353	119
			354	119
			355	119
			356	120
			357	120
			358	120
			359	120
			359	121
			360	121
			361	121
			362	121
			363	122
			364	122
			365	123
			366	123
			367	123
			368	123
			369	124
			370	124
			371	124
			371	125
			372	125
			373	125
			373	126
			374	126
			375	127
			376	127
			377	128
			378	129
			379	129
			380	130
			381	130
			382	131
			383	132
			384	132
			385	133
		</head>
		<dorsal type=matrix rownames=FALSE colnames=FALSE nrow=78 ncol=2 as.numeric=TRUE >
			385	133
			386	134
			387	135
			388	136
			389	137
			390	138
			391	138
			391	139
			392	140
			393	140
			394	141
			394	142
			395	143
			396	143
			397	144
			398	145
			398	146
			399	146
			400	147
			401	148
			401	149
			402	149
			403	150
			404	151
			405	152
			406	153
			407	154
			408	155
			409	156
			410	157
			411	158
			412	159
			413	160
			413	161
			414	162
			414	163
			415	163
			415	164
			416	165
			417	166
			417	167
			418	168
			418	169
			419	170
			419	171
			420	172
			420	173
			421	174
			421	175
			422	176
			422	177
			423	178
			423	179
			424	180
			424	181
			425	182
			425	183
			425	184
			426	184
			426	185
			426	186
			427	187
			427	188
			427	189
			428	190
			428	191
			428	192
			429	192
			429	193
			429	194
			430	195
			430	196
			430	197
			431	198
			431	199
			431	200
			432	201
			432	202
		</dorsal>
		<caudal_dors_ant type=matrix rownames=FALSE colnames=FALSE nrow=25 ncol=2 as.numeric=TRUE >
			432	202
			433	203
			434	204
			435	205
			436	206
			437	207
			438	208
			439	208
			440	209
			441	210
			442	210
			442	211
			443	211
			444	212
			445	212
			445	213
			446	213
			447	214
			448	214
			449	214
			450	215
			451	215
			452	215
			453	215
			454	215
		</caudal_dors_ant>
		<caud_dors_post type=matrix rownames=FALSE colnames=FALSE nrow=24 ncol=2 as.numeric=TRUE >
			454	215
			455	215
			456	215
			457	215
			458	215
			459	215
			460	215
			461	215
			462	215
			463	215
			464	215
			465	215
			466	214
			467	214
			468	214
			469	214
			470	214
			471	214
			472	214
			473	214
			474	214
			475	213
			476	213
			477	213
		</caud_dors_post>
		<caud_vent_post type=matrix rownames=FALSE colnames=FALSE nrow=20 ncol=2 as.numeric=TRUE >
			475	252
			474	252
			473	252
			472	252
			471	252
			470	251
			469	251
			468	251
			467	251
			466	251
			465	251
			464	251
			463	251
			462	251
			461	251
			460	250
			459	250
			458	250
			457	250
			456	250
		</caud_vent_post>
		<caudal_vent_ant type=matrix rownames=FALSE colnames=FALSE nrow=27 ncol=2 as.numeric=TRUE >
			456	250
			455	250
			454	251
			453	251
			452	251
			451	251
			450	251
			449	252
			448	252
			447	252
			446	252
			445	252
			444	253
			443	253
			442	253
			441	254
			440	255
			439	256
			438	256
			437	257
			437	258
			436	258
			435	259
			434	260
			433	261
			432	261
			431	262
		</caudal_vent_ant>
		<anal type=matrix rownames=FALSE colnames=FALSE nrow=71 ncol=2 as.numeric=TRUE >
			431	262
			431	263
			431	264
			431	265
			430	266
			430	267
			430	268
			430	269
			429	270
			429	271
			429	272
			428	273
			428	274
			428	275
			428	276
			427	276
			427	277
			427	278
			427	279
			426	279
			426	280
			426	281
			425	282
			425	283
			425	284
			424	285
			424	286
			424	287
			423	288
			423	289
			422	290
			422	291
			421	292
			420	293
			419	294
			418	295
			417	296
			416	297
			415	298
			414	299
			413	300
			412	301
			411	302
			410	303
			409	304
			408	305
			407	306
			406	307
			405	308
			405	309
			404	309
			403	310
			403	311
			402	312
			401	312
			401	313
			400	314
			399	314
			399	315
			398	316
			397	316
			397	317
			396	318
			395	319
			394	319
			394	320
			393	321
			392	322
			391	323
			390	324
			389	325
		</anal>
		<ventral_body type=matrix rownames=FALSE colnames=FALSE nrow=292 ncol=2 as.numeric=TRUE >
			389	325
			388	325
			388	326
			387	326
			386	327
			385	328
			384	329
			383	330
			382	331
			381	332
			380	333
			379	334
			378	335
			378	336
			377	337
			377	338
			376	339
			375	340
			375	341
			374	342
			373	343
			373	344
			372	345
			372	346
			371	347
			370	348
			370	349
			369	350
			368	351
			368	352
			367	353
			366	354
			365	355
			365	356
			364	357
			363	358
			362	359
			361	360
			361	361
			360	362
			360	363
			359	363
			359	364
			358	365
			357	366
			356	367
			356	368
			355	369
			354	370
			354	371
			353	372
			352	373
			351	374
			350	375
			349	375
			348	374
			347	374
			346	374
			345	374
			344	374
			343	374
			342	374
			341	373
			340	373
			339	373
			338	373
			337	373
			336	373
			335	372
			334	372
			333	372
			332	372
			331	372
			330	372
			329	372
			328	371
			327	371
			326	371
			325	371
			324	371
			323	371
			322	371
			321	370
			320	370
			319	370
			318	370
			317	370
			316	370
			315	370
			314	369
			313	369
			312	369
			311	369
			310	369
			309	369
			308	369
			307	368
			306	368
			305	368
			304	368
			303	368
			302	367
			301	367
			300	367
			299	366
			298	366
			298	365
			297	365
			296	365
			295	364
			294	364
			293	364
			292	363
			291	363
			290	363
			289	362
			288	362
			287	362
			286	362
			285	361
			284	361
			283	361
			282	361
			281	360
			280	360
			279	360
			278	360
			277	360
			276	359
			275	359
			274	359
			273	359
			272	359
			271	359
			270	358
			269	358
			268	358
			267	358
			266	357
			265	357
			265	356
			264	356
			263	355
			263	354
			262	354
			261	353
			260	353
			260	352
			259	351
			258	350
			257	350
			256	349
			255	348
			255	347
			254	347
			253	346
			252	345
			251	344
			250	343
			249	343
			248	342
			247	341
			246	340
			245	339
			244	338
			243	337
			242	336
			241	335
			240	334
			239	333
			238	332
			237	331
			236	331
			235	330
			235	329
			234	329
			233	328
			233	327
			232	327
			231	326
			231	325
			230	325
			229	324
			228	323
			227	322
			226	321
			225	320
			224	319
			223	318
			222	317
			221	316
			220	315
			220	314
			219	313
			218	312
			217	311
			216	310
			216	309
			215	309
			214	308
			213	307
			212	306
			212	305
			211	304
			210	303
			209	302
			209	301
			208	301
			207	300
			207	299
			206	298
			205	297
			204	296
			204	295
			203	294
			202	294
			202	293
			201	292
			201	291
			200	290
			199	289
			198	288
			197	288
			196	287
			195	286
			194	286
			193	285
			192	285
			191	284
			190	284
			189	283
			188	282
			187	282
			186	281
			185	281
			184	280
			183	279
			182	279
			181	279
			181	278
			180	278
			179	278
			178	277
			177	277
			176	276
			175	275
			174	275
			173	274
			172	274
			171	273
			170	273
			169	272
			168	272
			167	272
			167	271
			166	271
			165	271
			164	271
			164	270
			163	270
			162	270
			161	270
			161	269
			160	269
			159	269
			158	269
			157	268
			156	268
			155	267
			155	266
			154	265
			153	264
			153	263
			152	262
			151	261
			150	261
			150	260
			149	259
			148	258
			148	257
			147	256
			146	255
			146	254
			145	253
			144	252
			143	251
			143	250
			142	250
			141	249
			140	248
			140	247
			139	246
		</ventral_body>
		<operculum type=matrix rownames=FALSE colnames=FALSE nrow=25 ncol=2 as.numeric=TRUE >
			259	263
			258	262
			258	261
			257	260
			257	259
			257	258
			256	257
			256	256
			256	255
			256	254
			256	253
			256	252
			256	251
			256	250
			256	249
			256	248
			257	247
			257	246
			257	245
			257	244
			258	244
			258	243
			258	242
			259	241
			259	240
		</operculum>
	</curves.pixel>
</shapes>

