<shapes type=list>
	<scaling type=logical names=FALSE length=1 as.numeric=FALSE >NA</scaling>
	<landmarks.pixel type=matrix rownames=TRUE colnames=FALSE nrow=15 ncol=2 as.numeric=TRUE >
		pectoral_dors	152	173
		pectoral_vent	168	211
		premax_post	40	169
		upper_jaw	10	169
		dorsal_ant	352	93
		dorsal_post	390	116
		caud_pedunc_dors	447	138
		caud_scale_dors	507	141
		caud_scale_vent	511	186
		caud_pedunc_vent	454	178
		anal_post	432	208
		anal_ant	410	230
		lower_jaw	19	185
		operc_vent	142	181
		oper_dor	153	150
	</landmarks.pixel>
	<curves.control type=list>
		<head type=matrix rownames=FALSE colnames=FALSE nrow=21 ncol=2 as.numeric=TRUE >
			10	169
			22	160
			27	152
			29	142
			53	131
			69	123
			84	103
			93	94
			92	72
			96	61
			109	54
			129	49
			154	53
			183	56
			209	56
			235	56
			259	63
			294	74
			318	83
			339	89
			352	93
		</head>
		<dorsal type=matrix rownames=FALSE colnames=FALSE nrow=3 ncol=2 as.numeric=TRUE >
			352	93
			370	104
			390	116
		</dorsal>
		<caudal_dors_ant type=matrix rownames=FALSE colnames=FALSE nrow=5 ncol=2 as.numeric=TRUE >
			390	116
			406	124
			423	128
			439	130
			447	138
		</caudal_dors_ant>
		<caud_dors_post type=matrix rownames=FALSE colnames=FALSE nrow=7 ncol=2 as.numeric=TRUE >
			447	138
			455	139
			472	139
			487	140
			496	138
			502	139
			507	141
		</caud_dors_post>
		<caud_vent_post type=matrix rownames=FALSE colnames=FALSE nrow=5 ncol=2 as.numeric=TRUE >
			511	186
			502	185
			489	183
			471	180
			454	178
		</caud_vent_post>
		<caudal_vent_ant type=matrix rownames=FALSE colnames=FALSE nrow=7 ncol=2 as.numeric=TRUE >
			454	178
			449	179
			454	184
			446	187
			438	191
			433	197
			432	208
		</caudal_vent_ant>
		<anal type=matrix rownames=FALSE colnames=FALSE nrow=5 ncol=2 as.numeric=TRUE >
			432	208
			424	215
			418	217
			413	224
			410	230
		</anal>
		<ventral_body type=matrix rownames=FALSE colnames=FALSE nrow=15 ncol=2 as.numeric=TRUE >
			410	230
			400	239
			374	247
			318	254
			253	258
			200	258
			147	248
			111	233
			82	214
			64	203
			52	189
			48	186
			38	187
			28	187
			19	185
		</ventral_body>
		<operculum type=matrix rownames=FALSE colnames=FALSE nrow=5 ncol=2 as.numeric=TRUE >
			142	181
			145	172
			147	163
			150	158
			153	150
		</operculum>
	</curves.control>
	<curves.pixel type=list>
		<head type=matrix rownames=FALSE colnames=FALSE nrow=390 ncol=2 as.numeric=TRUE >
			10	169
			11	169
			11	168
			12	168
			12	167
			13	167
			13	166
			14	166
			15	165
			16	164
			17	163
			18	163
			19	162
			20	161
			21	160
			21	159
			22	158
			23	158
			24	157
			24	156
			25	155
			25	154
			26	153
			27	153
			27	152
			27	151
			28	150
			28	149
			29	148
			29	147
			30	146
			31	145
			32	144
			33	143
			34	142
			35	141
			36	141
			37	140
			38	139
			39	139
			40	138
			41	137
			42	137
			43	136
			44	136
			45	135
			46	134
			47	134
			48	133
			49	133
			50	133
			51	132
			52	131
			53	131
			54	131
			55	130
			56	129
			57	129
			58	128
			59	128
			60	127
			61	126
			62	125
			63	125
			64	124
			65	123
			66	122
			67	122
			68	121
			69	120
			70	119
			71	118
			72	117
			73	116
			74	115
			75	114
			75	113
			76	112
			77	111
			78	110
			79	109
			80	108
			81	107
			82	106
			83	105
			83	104
			84	103
			85	102
			86	101
			87	100
			87	99
			88	98
			88	97
			89	96
			89	95
			90	94
			90	93
			90	92
			90	91
			91	91
			91	90
			91	89
			91	88
			91	87
			91	86
			92	85
			92	84
			92	83
			92	82
			92	81
			92	80
			92	79
			92	78
			92	77
			92	76
			92	75
			92	74
			92	73
			92	72
			92	71
			93	70
			93	69
			94	68
			94	67
			95	66
			95	65
			96	65
			97	64
			97	63
			98	62
			99	61
			100	60
			101	60
			102	59
			103	58
			103	57
			104	57
			105	57
			105	56
			106	56
			107	55
			108	55
			109	54
			110	54
			111	53
			112	53
			113	53
			114	53
			115	53
			116	53
			117	52
			118	52
			119	52
			120	52
			121	52
			122	52
			123	52
			124	52
			125	51
			126	51
			127	51
			128	51
			129	51
			130	51
			131	51
			132	51
			133	51
			134	51
			135	51
			136	51
			137	51
			138	51
			139	51
			140	51
			141	52
			142	52
			143	52
			144	52
			145	52
			146	52
			147	52
			148	52
			149	52
			150	52
			151	53
			152	53
			153	53
			154	53
			155	53
			156	53
			157	53
			158	53
			159	53
			160	54
			161	54
			162	54
			163	54
			164	54
			165	54
			166	54
			167	54
			168	54
			169	54
			170	54
			171	55
			172	55
			173	55
			174	55
			175	55
			176	55
			177	55
			178	55
			179	55
			180	55
			181	55
			182	55
			183	55
			184	55
			185	55
			186	55
			187	55
			188	56
			189	56
			190	56
			191	56
			192	56
			193	56
			194	56
			195	56
			196	56
			197	56
			198	56
			199	56
			200	56
			201	56
			202	56
			203	56
			204	56
			205	56
			206	56
			207	56
			208	56
			209	56
			210	56
			211	56
			212	56
			213	56
			214	56
			215	56
			216	56
			217	56
			218	56
			219	56
			220	56
			221	56
			222	56
			223	57
			224	57
			225	57
			226	57
			227	57
			228	57
			229	57
			230	57
			231	57
			232	57
			233	58
			234	58
			235	58
			236	58
			237	58
			238	58
			239	58
			240	59
			241	59
			242	59
			243	59
			244	59
			245	60
			246	60
			247	60
			248	60
			249	60
			249	61
			250	61
			251	61
			252	61
			253	61
			254	62
			255	62
			256	62
			257	62
			258	63
			259	63
			260	63
			261	64
			262	64
			263	64
			264	64
			264	65
			265	65
			266	65
			267	65
			268	66
			269	66
			270	67
			271	67
			272	67
			273	67
			274	68
			275	68
			276	68
			277	69
			278	69
			279	70
			280	70
			281	70
			282	70
			283	71
			284	71
			285	71
			286	72
			287	72
			288	72
			289	73
			290	73
			291	73
			291	74
			292	74
			293	74
			294	74
			295	75
			296	75
			297	75
			297	76
			298	76
			299	76
			300	76
			301	77
			302	77
			303	78
			304	78
			305	78
			306	79
			307	79
			308	79
			309	80
			310	80
			311	80
			312	81
			313	81
			314	82
			315	82
			316	82
			317	83
			318	83
			319	83
			320	84
			321	84
			322	84
			323	84
			324	85
			325	85
			326	85
			327	86
			328	86
			329	86
			330	86
			331	87
			332	87
			333	87
			334	88
			335	88
			336	88
			337	89
			338	89
			339	89
			340	89
			341	90
			342	90
			343	90
			344	91
			345	91
			346	91
			347	91
			348	92
			349	92
			350	92
			351	93
			352	93
		</head>
		<dorsal type=matrix rownames=FALSE colnames=FALSE nrow=39 ncol=2 as.numeric=TRUE >
			352	93
			353	93
			354	94
			355	95
			356	96
			357	96
			358	97
			359	97
			360	98
			361	99
			362	99
			363	100
			364	100
			365	101
			366	102
			367	102
			368	103
			369	104
			370	104
			371	105
			372	105
			373	106
			374	107
			375	107
			376	108
			377	108
			378	109
			379	110
			380	110
			381	110
			382	111
			383	112
			384	112
			385	113
			386	113
			387	114
			388	115
			389	115
			390	116
		</dorsal>
		<caudal_dors_ant type=matrix rownames=FALSE colnames=FALSE nrow=64 ncol=2 as.numeric=TRUE >
			390	116
			391	117
			392	117
			393	118
			394	118
			395	118
			396	119
			397	119
			398	120
			399	120
			400	121
			401	121
			402	121
			402	122
			403	122
			404	122
			405	123
			406	123
			407	123
			408	124
			409	124
			410	124
			411	125
			412	125
			413	125
			414	126
			415	126
			416	126
			417	126
			418	127
			419	127
			420	127
			421	128
			422	128
			423	128
			424	128
			425	128
			426	128
			427	129
			428	129
			429	129
			430	129
			431	129
			431	130
			432	130
			433	130
			434	130
			434	131
			435	131
			436	131
			437	131
			437	132
			438	132
			439	132
			439	133
			440	133
			441	133
			441	134
			442	134
			443	135
			444	136
			445	136
			446	137
			447	138
		</caudal_dors_ant>
		<caud_dors_post type=matrix rownames=FALSE colnames=FALSE nrow=61 ncol=2 as.numeric=TRUE >
			447	138
			448	138
			449	138
			450	138
			451	138
			452	138
			453	139
			454	139
			455	139
			456	139
			457	139
			458	139
			459	139
			460	139
			461	139
			462	139
			463	139
			464	139
			465	139
			466	139
			467	139
			468	139
			469	139
			470	139
			471	139
			472	139
			473	139
			474	139
			475	139
			476	139
			477	139
			478	139
			479	139
			480	139
			481	139
			482	139
			483	139
			484	139
			485	139
			486	139
			487	139
			488	139
			489	139
			490	139
			491	139
			492	139
			493	139
			494	138
			495	138
			496	138
			497	138
			498	138
			499	139
			500	139
			501	139
			502	139
			503	140
			504	140
			505	140
			506	140
			507	141
		</caud_dors_post>
		<caud_vent_post type=matrix rownames=FALSE colnames=FALSE nrow=58 ncol=2 as.numeric=TRUE >
			511	186
			510	186
			509	186
			508	186
			507	186
			506	185
			505	185
			504	185
			503	185
			502	185
			501	185
			500	185
			499	184
			498	184
			497	184
			496	184
			495	184
			494	184
			493	184
			492	184
			491	183
			490	183
			489	183
			488	183
			487	183
			486	183
			485	182
			484	182
			483	182
			482	182
			481	182
			480	181
			479	181
			478	181
			477	181
			476	181
			475	181
			474	181
			473	181
			472	180
			471	180
			470	180
			469	180
			468	180
			467	180
			466	180
			465	179
			464	179
			463	179
			462	179
			461	179
			460	179
			459	179
			458	178
			457	178
			456	178
			455	178
			454	178
		</caud_vent_post>
		<caudal_vent_ant type=matrix rownames=FALSE colnames=FALSE nrow=44 ncol=2 as.numeric=TRUE >
			454	178
			453	178
			452	179
			452	180
			452	181
			452	182
			453	183
			454	184
			453	184
			452	185
			451	185
			450	185
			449	186
			448	186
			447	187
			446	187
			445	188
			444	188
			443	188
			443	189
			442	189
			441	189
			441	190
			440	190
			439	190
			439	191
			438	191
			437	192
			437	193
			436	194
			435	195
			435	196
			434	197
			434	198
			434	199
			433	200
			433	201
			433	202
			433	203
			433	204
			432	205
			432	206
			432	207
			432	208
		</caudal_vent_ant>
		<anal type=matrix rownames=FALSE colnames=FALSE nrow=29 ncol=2 as.numeric=TRUE >
			432	208
			431	209
			430	210
			429	210
			428	211
			427	212
			426	213
			425	213
			425	214
			424	214
			423	215
			422	215
			421	216
			420	216
			419	217
			418	217
			417	218
			416	219
			416	220
			415	221
			414	222
			414	223
			413	224
			413	225
			412	226
			412	227
			411	228
			411	229
			410	230
		</anal>
		<ventral_body type=matrix rownames=FALSE colnames=FALSE nrow=398 ncol=2 as.numeric=TRUE >
			410	230
			409	231
			408	232
			407	233
			406	233
			405	234
			404	235
			403	235
			402	236
			401	236
			400	237
			399	237
			398	238
			397	238
			396	239
			395	239
			394	240
			393	240
			392	241
			391	241
			390	241
			389	242
			388	242
			387	243
			386	243
			385	243
			384	244
			383	244
			382	244
			381	245
			380	245
			379	245
			378	246
			377	246
			376	246
			375	247
			374	247
			373	247
			372	247
			371	247
			370	247
			369	248
			368	248
			367	248
			366	248
			365	248
			364	248
			363	248
			362	248
			361	249
			360	249
			359	249
			358	249
			357	249
			356	249
			355	249
			354	249
			353	249
			352	250
			351	250
			350	250
			349	250
			348	250
			347	250
			346	250
			345	250
			344	250
			343	251
			342	251
			341	251
			340	251
			339	251
			338	251
			337	251
			336	251
			335	251
			334	251
			333	252
			332	252
			331	252
			330	252
			329	252
			328	252
			327	252
			326	252
			325	252
			324	252
			323	253
			322	253
			321	253
			320	253
			319	253
			318	253
			317	253
			316	253
			315	253
			314	253
			313	253
			312	254
			311	254
			310	254
			309	254
			308	254
			307	254
			306	254
			305	254
			304	254
			303	254
			302	254
			301	255
			300	255
			299	255
			298	255
			297	255
			296	255
			295	255
			294	255
			293	255
			292	255
			291	255
			290	255
			289	255
			288	256
			287	256
			286	256
			285	256
			284	256
			283	256
			282	256
			281	256
			280	256
			279	256
			278	256
			277	256
			276	256
			275	257
			274	257
			273	257
			272	257
			271	257
			270	257
			269	257
			268	257
			267	257
			266	257
			265	257
			264	257
			263	257
			262	257
			261	257
			260	258
			259	258
			258	258
			257	258
			256	258
			255	258
			254	258
			253	258
			252	258
			251	258
			250	258
			249	258
			248	258
			247	258
			246	258
			245	258
			244	258
			243	258
			242	258
			241	258
			240	258
			239	258
			238	258
			237	258
			236	258
			235	258
			234	258
			233	258
			232	258
			231	258
			230	258
			229	257
			228	257
			227	257
			226	257
			225	257
			224	257
			223	257
			222	257
			221	257
			220	257
			219	257
			218	257
			217	257
			216	257
			215	257
			214	257
			213	257
			212	256
			211	256
			210	256
			209	256
			208	256
			207	256
			206	256
			205	256
			204	256
			203	256
			202	256
			201	256
			200	256
			199	255
			198	255
			197	255
			196	255
			195	255
			194	255
			193	255
			192	255
			191	255
			190	254
			189	254
			188	254
			187	254
			186	254
			185	254
			184	254
			183	254
			182	253
			181	253
			180	253
			179	253
			178	253
			177	253
			176	253
			175	253
			174	252
			173	252
			172	252
			171	252
			170	252
			169	252
			168	252
			167	251
			166	251
			165	251
			164	251
			163	251
			162	251
			161	250
			160	250
			159	250
			158	250
			157	250
			156	250
			155	249
			154	249
			153	249
			152	249
			151	249
			150	249
			149	248
			148	248
			147	248
			146	248
			146	247
			145	247
			144	247
			143	246
			142	246
			141	245
			140	245
			139	245
			138	244
			137	244
			136	243
			135	243
			134	242
			133	242
			132	241
			131	241
			130	241
			129	240
			128	240
			127	239
			126	238
			125	238
			124	238
			123	237
			122	237
			121	236
			120	236
			119	235
			118	235
			117	234
			116	234
			115	233
			114	233
			113	232
			112	232
			111	231
			110	231
			110	230
			109	230
			108	229
			107	229
			106	228
			105	228
			104	227
			103	227
			102	226
			101	225
			100	225
			99	224
			98	224
			97	223
			96	223
			95	222
			94	222
			93	221
			92	220
			91	220
			90	219
			89	219
			89	218
			88	218
			87	217
			86	216
			85	216
			84	215
			83	215
			82	214
			81	214
			80	213
			79	212
			78	212
			77	211
			76	210
			75	210
			74	209
			73	208
			72	208
			71	207
			70	206
			69	205
			68	204
			67	203
			66	202
			65	202
			64	201
			63	200
			62	199
			61	198
			60	197
			59	196
			58	196
			57	195
			57	194
			56	194
			55	193
			55	192
			54	192
			54	191
			53	190
			52	189
			51	189
			50	188
			49	188
			48	187
			47	187
			46	187
			45	187
			44	187
			43	187
			42	187
			41	187
			40	187
			39	187
			38	187
			37	187
			36	187
			35	187
			34	187
			33	187
			32	187
			31	187
			30	187
			29	187
			28	186
			27	186
			26	186
			25	186
			24	186
			23	186
			22	186
			21	185
			20	185
			19	185
		</ventral_body>
		<operculum type=matrix rownames=FALSE colnames=FALSE nrow=33 ncol=2 as.numeric=TRUE >
			142	181
			142	180
			143	179
			143	178
			143	177
			144	176
			144	175
			144	174
			144	173
			145	172
			145	171
			145	170
			145	169
			146	168
			146	167
			146	166
			147	165
			147	164
			147	163
			148	162
			148	161
			149	160
			149	159
			150	158
			150	157
			151	156
			151	155
			152	154
			152	153
			152	152
			152	151
			153	151
			153	150
		</operculum>
	</curves.pixel>
</shapes>

