<shapes type=list>
	<scaling type=logical names=FALSE length=1 as.numeric=FALSE >NA</scaling>
	<landmarks.pixel type=matrix rownames=TRUE colnames=FALSE nrow=15 ncol=2 as.numeric=TRUE >
		pectoral_dors	304	227
		pectoral_vent	335	254
		premax_post	149	282
		upper_jaw	118	290
		dorsal_ant	576	136
		dorsal_post	641	164
		caud_pedunc_dors	764	192
		caud_scale_dors	876	194
		caud_scale_vent	878	268
		caud_pedunc_vent	770	275
		anal_post	743	283
		anal_ant	700	318
		lower_jaw	134	307
		operc_vent	289	236
		oper_dor	309	179
	</landmarks.pixel>
	<curves.control type=list>
		<head type=matrix rownames=FALSE colnames=FALSE nrow=17 ncol=2 as.numeric=TRUE >
			118	290
			131	267
			124	251
			142	228
			155	193
			168	153
			169	109
			196	65
			220	53
			262	56
			345	73
			408	88
			451	97
			486	93
			513	108
			542	118
			576	136
		</head>
		<dorsal type=matrix rownames=FALSE colnames=FALSE nrow=5 ncol=2 as.numeric=TRUE >
			576	136
			596	145
			612	153
			627	159
			641	164
		</dorsal>
		<caudal_dors_ant type=matrix rownames=FALSE colnames=FALSE nrow=5 ncol=2 as.numeric=TRUE >
			641	164
			667	171
			695	180
			725	184
			764	192
		</caudal_dors_ant>
		<caud_dors_post type=matrix rownames=FALSE colnames=FALSE nrow=5 ncol=2 as.numeric=TRUE >
			764	192
			797	192
			830	190
			857	189
			876	194
		</caud_dors_post>
		<caud_vent_post type=matrix rownames=FALSE colnames=FALSE nrow=5 ncol=2 as.numeric=TRUE >
			878	268
			854	277
			816	278
			789	277
			770	275
		</caud_vent_post>
		<caudal_vent_ant type=matrix rownames=FALSE colnames=FALSE nrow=3 ncol=2 as.numeric=TRUE >
			770	275
			756	279
			743	283
		</caudal_vent_ant>
		<anal type=matrix rownames=FALSE colnames=FALSE nrow=3 ncol=2 as.numeric=TRUE >
			743	283
			719	293
			700	318
		</anal>
		<ventral_body type=matrix rownames=FALSE colnames=FALSE nrow=13 ncol=2 as.numeric=TRUE >
			700	318
			670	330
			626	346
			587	355
			488	359
			414	355
			330	349
			263	339
			201	326
			174	315
			158	312
			148	308
			134	307
		</ventral_body>
		<operculum type=matrix rownames=FALSE colnames=FALSE nrow=3 ncol=2 as.numeric=TRUE >
			289	236
			302	210
			309	179
		</operculum>
	</curves.control>
	<curves.pixel type=list>
		<head type=matrix rownames=FALSE colnames=FALSE nrow=620 ncol=2 as.numeric=TRUE >
			118	290
			118	289
			119	289
			119	288
			120	287
			120	286
			121	285
			121	284
			122	283
			122	282
			123	281
			123	280
			123	279
			124	278
			124	277
			124	276
			125	275
			125	274
			125	273
			125	272
			126	271
			126	270
			126	269
			126	268
			126	267
			126	266
			126	265
			126	264
			126	263
			126	262
			126	261
			126	260
			126	259
			126	258
			126	257
			126	256
			126	255
			125	255
			125	254
			125	253
			124	252
			124	251
			125	250
			126	249
			127	248
			127	247
			128	246
			128	245
			129	245
			129	244
			130	243
			130	242
			131	241
			132	240
			133	239
			133	238
			134	237
			134	236
			135	235
			136	234
			136	233
			137	232
			138	231
			138	230
			139	229
			139	228
			140	227
			140	226
			141	225
			141	224
			142	224
			142	223
			142	222
			143	222
			143	221
			143	220
			144	220
			144	219
			144	218
			145	218
			145	217
			145	216
			146	215
			146	214
			147	213
			147	212
			148	211
			148	210
			148	209
			149	208
			149	207
			150	207
			150	206
			150	205
			151	204
			151	203
			151	202
			152	201
			152	200
			153	199
			153	198
			154	197
			154	196
			154	195
			155	194
			155	193
			155	192
			156	191
			156	190
			156	189
			157	188
			157	187
			157	186
			157	185
			158	184
			158	183
			158	182
			158	181
			159	180
			159	179
			159	178
			160	177
			160	176
			160	175
			160	174
			161	173
			161	172
			161	171
			161	170
			162	169
			162	168
			162	167
			162	166
			163	165
			163	164
			163	163
			163	162
			163	161
			164	160
			164	159
			164	158
			164	157
			164	156
			165	155
			165	154
			165	153
			165	152
			165	151
			165	150
			166	149
			166	148
			166	147
			166	146
			166	145
			166	144
			166	143
			166	142
			167	141
			167	140
			167	139
			167	138
			167	137
			167	136
			167	135
			167	134
			168	133
			168	132
			168	131
			168	130
			168	129
			168	128
			168	127
			168	126
			168	125
			168	124
			168	123
			168	122
			168	121
			169	121
			169	120
			169	119
			169	118
			169	117
			169	116
			169	115
			169	114
			169	113
			169	112
			169	111
			169	110
			169	109
			169	108
			170	107
			171	106
			171	105
			172	105
			172	104
			173	103
			174	102
			174	101
			175	100
			175	99
			176	98
			176	97
			177	97
			178	96
			178	95
			179	94
			179	93
			180	92
			181	91
			182	90
			182	89
			183	88
			184	87
			184	86
			185	85
			186	84
			187	83
			188	82
			189	81
			190	80
			190	79
			191	78
			192	77
			193	76
			194	75
			194	74
			195	73
			196	72
			197	71
			198	71
			198	70
			199	69
			200	68
			201	67
			202	66
			203	65
			204	64
			205	63
			206	63
			207	62
			208	61
			209	60
			210	60
			211	59
			212	58
			213	57
			214	56
			215	56
			216	55
			217	55
			218	54
			219	53
			220	53
			221	53
			222	53
			223	53
			224	53
			225	53
			226	54
			227	54
			228	54
			229	54
			230	54
			231	54
			232	54
			233	54
			234	54
			235	54
			236	54
			236	55
			237	55
			238	55
			239	55
			240	55
			241	55
			242	55
			243	55
			244	55
			245	56
			246	56
			247	56
			248	56
			249	56
			250	56
			251	56
			252	57
			253	57
			254	57
			255	57
			256	57
			257	57
			258	57
			259	57
			260	58
			261	58
			262	58
			263	58
			264	58
			265	58
			266	59
			267	59
			268	59
			269	59
			270	59
			271	59
			272	59
			273	60
			274	60
			275	60
			276	60
			277	60
			278	60
			279	61
			280	61
			281	61
			282	61
			283	61
			284	61
			285	62
			286	62
			287	62
			288	62
			289	62
			290	62
			291	63
			292	63
			293	63
			294	63
			295	63
			296	64
			297	64
			298	64
			299	64
			300	64
			301	64
			301	65
			302	65
			303	65
			304	65
			305	65
			306	65
			307	66
			308	66
			309	66
			310	66
			311	66
			312	67
			313	67
			314	67
			315	67
			316	67
			317	67
			318	68
			319	68
			320	68
			321	68
			322	68
			323	69
			324	69
			325	69
			326	69
			327	69
			328	70
			329	70
			330	70
			331	70
			332	70
			333	71
			334	71
			335	71
			336	71
			337	71
			338	72
			339	72
			340	72
			341	72
			342	72
			343	73
			344	73
			345	73
			346	73
			347	74
			348	74
			349	74
			350	74
			351	74
			352	75
			353	75
			354	75
			355	75
			356	76
			357	76
			358	76
			359	76
			360	77
			361	77
			362	77
			363	77
			364	77
			365	78
			366	78
			367	78
			368	78
			368	79
			369	79
			370	79
			371	79
			372	79
			373	80
			374	80
			375	80
			376	80
			377	81
			378	81
			379	81
			380	81
			381	81
			382	82
			383	82
			384	82
			385	82
			386	83
			387	83
			388	83
			389	83
			390	84
			391	84
			392	84
			393	84
			394	84
			395	85
			396	85
			397	85
			398	85
			399	86
			400	86
			401	86
			402	86
			403	87
			404	87
			405	87
			406	87
			407	87
			408	88
			409	88
			410	88
			411	88
			412	89
			413	89
			414	89
			415	89
			416	89
			417	90
			418	90
			419	90
			420	90
			421	90
			421	91
			422	91
			423	91
			424	91
			425	91
			426	92
			427	92
			428	92
			429	92
			430	92
			430	93
			431	93
			432	93
			433	93
			434	93
			435	94
			436	94
			437	94
			438	94
			439	95
			440	95
			441	95
			442	95
			443	95
			444	96
			445	96
			446	96
			447	96
			448	96
			449	97
			450	97
			451	97
			452	97
			453	97
			454	97
			455	97
			456	97
			457	96
			458	96
			459	96
			460	96
			461	96
			462	96
			463	96
			464	96
			465	96
			466	96
			467	96
			468	96
			469	96
			470	96
			471	96
			472	96
			473	96
			474	96
			475	97
			476	97
			477	97
			478	97
			479	97
			480	97
			481	97
			482	97
			483	98
			484	98
			485	98
			486	98
			487	98
			488	99
			489	99
			490	99
			491	99
			492	100
			493	100
			494	100
			495	100
			496	101
			497	101
			498	101
			499	102
			500	102
			501	102
			502	103
			503	103
			504	103
			504	104
			505	104
			506	105
			507	105
			508	105
			509	106
			510	106
			511	107
			512	107
			512	108
			513	108
			514	108
			515	109
			516	109
			517	109
			518	110
			519	110
			520	110
			521	111
			522	111
			523	112
			524	112
			525	112
			526	113
			527	113
			528	113
			529	114
			530	114
			531	115
			532	115
			533	115
			534	116
			535	116
			536	117
			537	117
			538	118
			539	118
			540	118
			541	119
			542	119
			543	120
			544	120
			545	121
			546	121
			547	122
			548	122
			549	122
			550	123
			551	123
			552	124
			553	124
			554	125
			555	125
			556	126
			557	126
			558	127
			559	127
			560	128
			561	128
			562	129
			563	130
			564	130
			565	130
			566	131
			567	131
			568	132
			569	132
			570	133
			571	133
			571	134
			572	134
			573	134
			574	135
			575	135
			575	136
			576	136
		</head>
		<dorsal type=matrix rownames=FALSE colnames=FALSE nrow=67 ncol=2 as.numeric=TRUE >
			576	136
			577	137
			578	137
			579	138
			580	138
			581	138
			582	139
			583	139
			584	140
			585	140
			586	141
			587	141
			588	142
			589	142
			590	142
			591	143
			592	143
			593	144
			594	144
			595	145
			596	145
			597	146
			598	146
			599	147
			600	147
			601	148
			602	148
			603	149
			604	149
			605	150
			606	150
			607	151
			608	151
			609	152
			610	152
			611	153
			612	153
			613	153
			614	154
			615	154
			616	154
			616	155
			617	155
			618	155
			619	156
			620	156
			621	156
			622	157
			623	157
			624	158
			625	158
			626	159
			627	159
			628	159
			629	160
			630	160
			631	160
			632	161
			633	161
			634	162
			635	162
			636	162
			637	163
			638	163
			639	163
			640	164
			641	164
		</dorsal>
		<caudal_dors_ant type=matrix rownames=FALSE colnames=FALSE nrow=129 ncol=2 as.numeric=TRUE >
			641	164
			642	164
			643	164
			643	165
			644	165
			645	165
			646	165
			647	166
			648	166
			649	166
			650	167
			651	167
			652	167
			653	167
			654	168
			655	168
			656	168
			657	169
			658	169
			659	169
			660	169
			661	170
			662	170
			663	170
			664	171
			665	171
			666	171
			667	171
			668	172
			669	172
			670	172
			671	173
			672	173
			673	173
			674	173
			674	174
			675	174
			676	174
			677	174
			678	175
			679	175
			680	175
			681	176
			682	176
			683	176
			684	176
			684	177
			685	177
			686	177
			687	178
			688	178
			689	178
			690	178
			691	179
			692	179
			693	179
			694	180
			695	180
			696	180
			697	180
			698	180
			699	181
			700	181
			701	181
			702	181
			703	181
			704	181
			705	181
			706	182
			707	182
			708	182
			709	182
			710	182
			711	182
			712	182
			712	183
			713	183
			714	183
			715	183
			716	183
			717	183
			718	183
			719	184
			720	184
			721	184
			722	184
			723	184
			724	184
			725	185
			726	185
			727	185
			728	185
			729	185
			730	186
			731	186
			732	186
			733	186
			734	186
			735	186
			736	187
			737	187
			738	187
			739	187
			740	187
			741	187
			742	188
			743	188
			744	188
			745	188
			746	188
			747	189
			748	189
			749	189
			750	189
			751	189
			752	190
			753	190
			754	190
			755	190
			756	190
			757	190
			757	191
			758	191
			759	191
			760	191
			761	191
			762	192
			763	192
			764	192
		</caudal_dors_ant>
		<caud_dors_post type=matrix rownames=FALSE colnames=FALSE nrow=113 ncol=2 as.numeric=TRUE >
			764	192
			765	192
			766	192
			767	192
			768	192
			769	192
			770	192
			771	192
			772	192
			773	192
			774	192
			775	192
			776	192
			777	192
			778	192
			779	192
			780	192
			781	192
			782	192
			783	192
			784	192
			785	192
			786	192
			787	192
			788	192
			789	192
			790	192
			791	192
			792	192
			793	192
			794	192
			795	192
			796	192
			797	191
			798	191
			799	191
			800	191
			801	191
			802	191
			803	191
			804	191
			805	191
			806	191
			807	191
			808	191
			809	191
			810	191
			811	191
			812	191
			813	191
			814	191
			815	191
			816	191
			817	191
			818	191
			819	191
			820	191
			821	191
			822	190
			823	190
			824	190
			825	190
			826	190
			827	190
			828	190
			829	190
			830	190
			831	190
			832	190
			833	190
			834	190
			835	190
			836	190
			837	190
			838	190
			839	190
			840	190
			841	190
			842	190
			843	190
			844	190
			845	190
			846	190
			847	190
			848	190
			849	190
			850	190
			851	190
			852	190
			853	190
			854	190
			855	190
			856	191
			857	191
			858	191
			859	191
			860	191
			861	191
			862	191
			863	191
			864	192
			865	192
			866	192
			867	192
			868	192
			869	193
			870	193
			871	193
			872	193
			873	193
			874	194
			875	194
			876	194
		</caud_dors_post>
		<caud_vent_post type=matrix rownames=FALSE colnames=FALSE nrow=110 ncol=2 as.numeric=TRUE >
			878	268
			877	268
			876	269
			875	269
			874	269
			873	270
			872	270
			871	270
			870	271
			869	271
			868	271
			867	271
			866	272
			865	272
			864	272
			863	273
			862	273
			861	273
			860	273
			859	273
			858	274
			857	274
			856	274
			855	274
			854	274
			853	275
			852	275
			851	275
			850	275
			849	275
			848	275
			847	276
			846	276
			845	276
			844	276
			843	276
			842	276
			841	276
			840	276
			839	276
			839	277
			838	277
			837	277
			836	277
			835	277
			834	277
			833	277
			832	277
			831	277
			830	277
			829	277
			828	277
			827	278
			826	278
			825	278
			824	278
			823	278
			822	278
			821	278
			820	278
			819	278
			818	278
			817	278
			816	278
			815	278
			814	278
			813	278
			812	278
			811	278
			810	278
			809	278
			808	278
			807	278
			806	278
			805	278
			804	277
			803	277
			802	277
			801	277
			800	277
			799	277
			798	277
			797	277
			796	277
			795	277
			794	277
			793	277
			792	277
			791	277
			790	277
			789	277
			788	277
			787	276
			786	276
			785	276
			784	276
			783	276
			782	276
			781	276
			780	276
			779	276
			778	276
			777	276
			776	276
			775	275
			774	275
			773	275
			772	275
			771	275
			770	275
		</caud_vent_post>
		<caudal_vent_ant type=matrix rownames=FALSE colnames=FALSE nrow=28 ncol=2 as.numeric=TRUE >
			770	275
			769	275
			768	276
			767	276
			766	276
			765	276
			764	277
			763	277
			762	277
			761	278
			760	278
			759	278
			758	278
			757	279
			756	279
			755	279
			754	280
			753	280
			752	280
			751	281
			750	281
			749	281
			748	281
			747	282
			746	282
			745	282
			744	283
			743	283
		</caudal_vent_ant>
		<anal type=matrix rownames=FALSE colnames=FALSE nrow=51 ncol=2 as.numeric=TRUE >
			743	283
			742	283
			741	284
			740	284
			740	285
			739	285
			738	285
			737	286
			736	286
			735	287
			734	287
			733	288
			732	289
			731	289
			730	290
			729	290
			728	291
			727	292
			726	292
			725	293
			724	294
			723	294
			722	295
			721	296
			720	297
			719	298
			718	299
			717	300
			716	300
			716	301
			715	301
			714	302
			714	303
			713	303
			712	304
			711	305
			710	306
			709	307
			708	308
			708	309
			707	310
			706	310
			705	311
			705	312
			704	313
			703	314
			703	315
			702	316
			701	317
			700	317
			700	318
		</anal>
		<ventral_body type=matrix rownames=FALSE colnames=FALSE nrow=575 ncol=2 as.numeric=TRUE >
			700	318
			699	318
			699	319
			698	319
			697	319
			696	320
			695	320
			694	321
			693	321
			692	321
			691	321
			690	322
			689	322
			688	323
			687	323
			686	324
			685	324
			684	324
			683	325
			682	325
			681	326
			680	326
			679	326
			678	327
			677	327
			676	328
			675	328
			674	328
			673	329
			672	329
			671	329
			670	330
			669	330
			668	330
			667	331
			666	331
			665	332
			664	332
			663	332
			662	333
			661	333
			660	333
			659	334
			658	334
			657	335
			656	335
			655	335
			654	336
			653	336
			652	336
			651	337
			650	337
			649	338
			648	338
			647	338
			646	339
			645	339
			644	340
			643	340
			642	340
			641	340
			641	341
			640	341
			639	341
			638	342
			637	342
			636	342
			635	343
			634	343
			633	344
			632	344
			631	344
			630	345
			629	345
			628	345
			627	346
			626	346
			625	346
			624	346
			623	347
			622	347
			621	347
			620	347
			619	347
			618	348
			617	348
			616	348
			615	348
			614	348
			613	349
			612	349
			611	349
			610	349
			609	349
			608	349
			607	350
			606	350
			605	350
			604	350
			603	350
			602	350
			601	350
			600	351
			599	351
			598	351
			597	351
			596	351
			595	351
			594	351
			593	352
			592	352
			591	352
			590	352
			589	352
			588	352
			587	352
			586	352
			585	352
			584	353
			583	353
			582	353
			581	353
			580	353
			579	353
			578	353
			577	353
			576	353
			575	353
			574	354
			573	354
			572	354
			571	354
			570	354
			569	354
			568	354
			567	354
			566	354
			565	354
			564	354
			563	355
			562	355
			561	355
			560	355
			559	355
			558	355
			557	355
			556	355
			555	355
			554	355
			553	355
			552	355
			551	356
			550	356
			549	356
			548	356
			547	356
			546	356
			545	356
			544	356
			543	356
			542	356
			541	356
			540	356
			539	356
			538	356
			537	356
			536	357
			535	357
			534	357
			533	357
			532	357
			531	357
			530	357
			529	357
			528	357
			527	357
			526	357
			525	357
			524	357
			523	357
			522	357
			521	357
			520	357
			519	358
			518	358
			517	358
			516	358
			515	358
			514	358
			513	358
			512	358
			511	358
			510	358
			509	358
			508	358
			507	358
			506	358
			505	358
			504	358
			503	358
			502	358
			501	358
			500	358
			499	359
			498	359
			497	359
			496	359
			495	359
			494	359
			493	359
			492	359
			491	359
			490	359
			489	359
			488	359
			487	359
			486	359
			485	359
			484	359
			483	359
			482	359
			481	359
			480	359
			479	359
			478	358
			477	358
			476	358
			475	358
			474	358
			473	358
			472	358
			471	358
			470	358
			469	358
			468	358
			467	358
			466	358
			465	358
			464	358
			463	358
			462	358
			461	357
			460	357
			459	357
			458	357
			457	357
			456	357
			455	357
			454	357
			453	357
			452	357
			451	357
			450	357
			449	357
			448	357
			447	357
			446	357
			445	357
			444	356
			443	356
			442	356
			441	356
			440	356
			439	356
			438	356
			437	356
			436	356
			435	356
			434	356
			433	356
			432	356
			431	356
			430	356
			429	356
			428	356
			427	355
			426	355
			425	355
			424	355
			423	355
			422	355
			421	355
			420	355
			419	355
			418	355
			417	355
			416	355
			415	355
			414	355
			413	355
			412	355
			411	354
			410	354
			409	354
			408	354
			407	354
			406	354
			405	354
			404	354
			403	354
			402	354
			401	354
			400	354
			399	354
			398	354
			397	354
			396	354
			396	353
			395	353
			394	353
			393	353
			392	353
			391	353
			390	353
			389	353
			388	353
			387	353
			386	353
			385	353
			384	353
			383	353
			382	353
			381	352
			380	352
			379	352
			378	352
			377	352
			376	352
			375	352
			374	352
			373	352
			372	352
			371	352
			370	352
			369	352
			368	352
			367	352
			366	351
			365	351
			364	351
			363	351
			362	351
			361	351
			360	351
			359	351
			358	351
			357	351
			356	351
			355	351
			354	351
			353	351
			352	351
			351	350
			350	350
			349	350
			348	350
			347	350
			346	350
			345	350
			344	350
			343	350
			342	350
			341	350
			340	350
			339	350
			338	350
			337	349
			336	349
			335	349
			334	349
			333	349
			332	349
			331	349
			330	349
			329	349
			328	349
			327	349
			326	348
			325	348
			324	348
			323	348
			322	348
			321	348
			320	348
			320	347
			319	347
			318	347
			317	347
			316	347
			315	347
			314	347
			313	346
			312	346
			311	346
			310	346
			309	346
			308	346
			307	345
			306	345
			305	345
			304	345
			303	345
			302	345
			301	345
			301	344
			300	344
			299	344
			298	344
			297	344
			296	344
			295	344
			294	343
			293	343
			292	343
			291	343
			290	343
			289	343
			288	342
			287	342
			286	342
			285	342
			284	342
			283	342
			282	341
			281	341
			280	341
			279	341
			278	341
			277	340
			276	340
			275	340
			274	340
			273	340
			272	340
			271	339
			270	339
			269	339
			268	339
			267	339
			266	339
			265	338
			264	338
			263	338
			262	338
			261	338
			260	338
			259	337
			258	337
			257	337
			256	337
			255	337
			254	336
			253	336
			252	336
			251	336
			250	336
			249	336
			249	335
			248	335
			247	335
			246	335
			245	335
			244	335
			243	334
			242	334
			241	334
			240	334
			239	334
			238	333
			237	333
			236	333
			235	333
			234	333
			233	332
			232	332
			231	332
			230	332
			229	332
			228	331
			227	331
			226	331
			225	331
			224	331
			223	331
			222	330
			221	330
			220	330
			219	330
			218	330
			217	329
			216	329
			215	329
			214	329
			213	328
			212	328
			211	328
			210	328
			209	328
			208	327
			207	327
			206	327
			205	327
			204	327
			203	326
			202	326
			201	326
			200	326
			200	325
			199	325
			198	325
			197	324
			196	324
			195	324
			195	323
			194	323
			193	323
			192	322
			191	322
			190	322
			189	321
			188	321
			187	321
			186	320
			185	320
			184	320
			183	319
			182	319
			181	318
			180	318
			179	318
			178	317
			177	317
			176	317
			175	316
			174	316
			173	316
			172	315
			171	315
			170	315
			169	315
			168	314
			167	314
			166	314
			165	313
			164	313
			163	313
			162	313
			161	313
			160	312
			159	312
			158	312
			157	312
			156	311
			155	311
			154	311
			153	310
			152	310
			151	310
			150	309
			149	309
			148	309
			147	309
			146	309
			145	308
			144	308
			143	308
			142	308
			141	308
			140	308
			139	307
			138	307
			137	307
			136	307
			135	307
			134	307
		</ventral_body>
		<operculum type=matrix rownames=FALSE colnames=FALSE nrow=60 ncol=2 as.numeric=TRUE >
			289	236
			289	235
			290	234
			290	233
			291	233
			291	232
			292	231
			292	230
			292	229
			293	228
			293	227
			294	226
			294	225
			295	224
			295	223
			296	222
			296	221
			296	220
			297	219
			297	218
			298	217
			298	216
			298	215
			298	214
			299	214
			299	213
			299	212
			300	211
			300	210
			300	209
			301	208
			301	207
			301	206
			302	205
			302	204
			302	203
			303	202
			303	201
			303	200
			304	199
			304	198
			304	197
			305	196
			305	195
			305	194
			306	193
			306	192
			306	191
			306	190
			307	189
			307	188
			307	187
			307	186
			308	185
			308	184
			308	183
			308	182
			309	181
			309	180
			309	179
		</operculum>
	</curves.pixel>
</shapes>

