<shapes type=list>
	<scaling type=logical names=FALSE length=1 as.numeric=FALSE >NA</scaling>
	<landmarks.pixel type=matrix rownames=TRUE colnames=FALSE nrow=15 ncol=2 as.numeric=TRUE >
		pectoral_dors	175	151
		pectoral_vent	180	194
		premax_post	43	161
		upper_jaw	33	156
		dorsal_ant	325	101
		dorsal_post	380	117
		caud_pedunc_dors	463	147
		caud_scale_dors	491	143
		caud_scale_vent	488	182
		caud_pedunc_vent	471	172
		anal_post	380	188
		anal_ant	341	199
		lower_jaw	38	164
		operc_vent	173	189
		oper_dor	166	145
	</landmarks.pixel>
	<curves.control type=list>
		<head type=matrix rownames=FALSE colnames=FALSE nrow=11 ncol=2 as.numeric=TRUE >
			33	156
			41	138
			52	123
			73	108
			107	96
			151	92
			206	87
			247	87
			283	90
			308	94
			325	101
		</head>
		<dorsal type=matrix rownames=FALSE colnames=FALSE nrow=5 ncol=2 as.numeric=TRUE >
			325	101
			340	106
			355	111
			367	114
			380	117
		</dorsal>
		<caudal_dors_ant type=matrix rownames=FALSE colnames=FALSE nrow=5 ncol=2 as.numeric=TRUE >
			380	117
			395	124
			423	133
			446	142
			463	147
		</caudal_dors_ant>
		<caud_dors_post type=matrix rownames=FALSE colnames=FALSE nrow=3 ncol=2 as.numeric=TRUE >
			463	147
			475	149
			491	143
		</caud_dors_post>
		<caud_vent_post type=matrix rownames=FALSE colnames=FALSE nrow=3 ncol=2 as.numeric=TRUE >
			488	182
			481	178
			471	172
		</caud_vent_post>
		<caudal_vent_ant type=matrix rownames=FALSE colnames=FALSE nrow=5 ncol=2 as.numeric=TRUE >
			471	172
			448	174
			413	184
			394	187
			380	188
		</caudal_vent_ant>
		<anal type=matrix rownames=FALSE colnames=FALSE nrow=3 ncol=2 as.numeric=TRUE >
			380	188
			366	189
			341	199
		</anal>
		<ventral_body type=matrix rownames=FALSE colnames=FALSE nrow=11 ncol=2 as.numeric=TRUE >
			341	199
			310	210
			241	222
			179	219
			114	211
			89	203
			78	198
			53	195
			42	182
			39	173
			38	164
		</ventral_body>
		<operculum type=matrix rownames=FALSE colnames=FALSE nrow=5 ncol=2 as.numeric=TRUE >
			173	189
			165	181
			161	167
			161	151
			166	145
		</operculum>
	</curves.control>
	<curves.pixel type=list>
		<head type=matrix rownames=FALSE colnames=FALSE nrow=317 ncol=2 as.numeric=TRUE >
			33	156
			33	155
			34	155
			34	154
			34	153
			35	152
			35	151
			36	150
			36	149
			37	148
			37	147
			38	146
			38	145
			39	144
			39	143
			40	142
			40	141
			41	140
			41	139
			42	139
			42	138
			43	137
			43	136
			44	135
			45	134
			45	133
			46	132
			46	131
			47	131
			47	130
			48	129
			48	128
			49	127
			50	126
			51	125
			51	124
			52	123
			53	122
			54	122
			55	121
			56	120
			57	119
			58	119
			59	118
			60	118
			60	117
			61	117
			62	117
			62	116
			63	116
			64	115
			65	115
			66	114
			67	114
			68	113
			69	112
			70	112
			71	111
			72	111
			73	111
			73	110
			74	110
			75	110
			75	109
			76	109
			77	109
			77	108
			78	108
			79	108
			79	107
			80	107
			81	107
			81	106
			82	106
			83	106
			84	105
			85	105
			86	104
			87	104
			88	103
			89	103
			90	103
			91	102
			92	102
			93	101
			94	101
			95	100
			96	100
			97	100
			98	99
			99	99
			100	99
			101	98
			102	98
			103	97
			104	97
			105	97
			106	96
			107	96
			108	96
			109	96
			110	96
			111	96
			112	96
			113	95
			114	95
			115	95
			116	95
			117	95
			118	95
			119	95
			120	95
			121	95
			122	95
			123	95
			124	94
			125	94
			126	94
			127	94
			128	94
			129	94
			130	94
			131	94
			132	94
			133	94
			134	94
			135	93
			136	93
			137	93
			138	93
			139	93
			140	93
			141	93
			142	93
			143	93
			144	93
			145	93
			146	92
			147	92
			148	92
			149	92
			150	92
			151	92
			152	92
			153	92
			154	92
			155	92
			156	92
			157	91
			158	91
			159	91
			160	91
			161	91
			162	91
			163	91
			164	91
			165	91
			166	91
			167	91
			168	90
			169	90
			170	90
			171	90
			172	90
			173	90
			174	90
			175	90
			176	90
			177	90
			178	90
			179	89
			180	89
			181	89
			182	89
			183	89
			184	89
			185	89
			186	89
			187	89
			188	89
			189	89
			190	88
			191	88
			192	88
			193	88
			194	88
			195	88
			196	88
			197	88
			198	88
			199	88
			200	88
			201	87
			202	87
			203	87
			204	87
			205	87
			206	87
			207	87
			208	87
			209	87
			210	87
			211	87
			212	87
			213	87
			214	87
			215	87
			216	87
			217	87
			218	87
			219	87
			220	87
			221	87
			222	87
			223	87
			224	87
			225	87
			226	87
			227	87
			228	87
			229	87
			230	87
			231	87
			232	87
			233	87
			234	87
			235	87
			236	87
			237	87
			238	87
			239	88
			240	88
			241	88
			242	88
			243	88
			244	88
			245	88
			246	88
			247	88
			248	88
			249	88
			250	88
			251	88
			252	88
			253	88
			254	88
			255	88
			256	88
			257	88
			258	88
			259	88
			260	88
			261	88
			262	89
			263	89
			264	89
			265	89
			266	89
			267	89
			268	89
			269	89
			270	89
			271	89
			272	89
			273	89
			274	89
			275	89
			276	89
			277	90
			278	90
			279	90
			280	90
			281	90
			282	90
			283	90
			284	90
			285	90
			286	91
			287	91
			288	91
			289	91
			290	91
			291	91
			292	92
			293	92
			294	92
			295	92
			296	92
			297	93
			298	93
			299	93
			300	93
			301	94
			302	94
			303	94
			304	94
			305	95
			306	95
			307	95
			308	95
			309	96
			310	96
			311	96
			312	96
			313	97
			314	97
			315	97
			316	98
			317	98
			318	99
			319	99
			320	99
			321	100
			322	100
			323	100
			324	101
			325	101
		</head>
		<dorsal type=matrix rownames=FALSE colnames=FALSE nrow=57 ncol=2 as.numeric=TRUE >
			325	101
			326	101
			327	102
			328	102
			329	102
			330	103
			331	103
			332	103
			333	104
			334	104
			335	104
			336	105
			337	105
			338	105
			339	106
			340	106
			341	106
			342	107
			343	107
			344	107
			345	108
			346	108
			347	108
			348	109
			349	109
			350	109
			351	110
			352	110
			353	110
			354	111
			355	111
			356	111
			357	112
			358	112
			359	112
			360	112
			361	113
			362	113
			363	113
			364	113
			365	113
			365	114
			366	114
			367	114
			368	114
			369	114
			370	115
			371	115
			372	115
			373	115
			374	116
			375	116
			376	116
			377	116
			378	117
			379	117
			380	117
		</dorsal>
		<caudal_dors_ant type=matrix rownames=FALSE colnames=FALSE nrow=85 ncol=2 as.numeric=TRUE >
			380	117
			381	117
			381	118
			382	118
			383	118
			384	119
			385	119
			386	120
			387	120
			388	120
			389	121
			390	121
			391	122
			392	122
			393	123
			394	123
			395	123
			396	124
			397	124
			398	124
			399	125
			400	125
			401	126
			402	126
			403	126
			404	127
			405	127
			406	127
			407	128
			408	128
			409	128
			410	129
			411	129
			412	129
			413	130
			414	130
			415	130
			416	131
			417	131
			418	131
			419	132
			420	132
			421	132
			422	133
			423	133
			424	133
			425	134
			426	134
			427	134
			428	135
			429	135
			430	136
			431	136
			432	137
			433	137
			434	137
			435	138
			436	138
			437	138
			438	139
			439	139
			440	140
			441	140
			442	140
			443	141
			444	141
			445	141
			446	142
			447	142
			448	142
			449	142
			450	143
			451	143
			452	144
			453	144
			454	144
			455	145
			456	145
			457	145
			458	145
			459	146
			460	146
			461	146
			462	147
			463	147
		</caudal_dors_ant>
		<caud_dors_post type=matrix rownames=FALSE colnames=FALSE nrow=29 ncol=2 as.numeric=TRUE >
			463	147
			464	147
			465	147
			466	147
			467	147
			468	147
			469	147
			470	147
			471	147
			472	147
			473	147
			474	147
			475	147
			476	147
			477	147
			478	147
			479	146
			480	146
			481	146
			482	146
			483	146
			484	145
			485	145
			486	145
			487	144
			488	144
			489	144
			490	143
			491	143
		</caud_dors_post>
		<caud_vent_post type=matrix rownames=FALSE colnames=FALSE nrow=21 ncol=2 as.numeric=TRUE >
			488	182
			487	182
			487	181
			486	181
			485	180
			484	180
			483	179
			482	178
			481	178
			480	177
			479	177
			478	176
			477	175
			476	175
			475	175
			475	174
			474	174
			473	173
			472	173
			472	172
			471	172
		</caud_vent_post>
		<caudal_vent_ant type=matrix rownames=FALSE colnames=FALSE nrow=92 ncol=2 as.numeric=TRUE >
			471	172
			470	172
			469	172
			468	172
			467	172
			466	173
			465	173
			464	173
			463	173
			462	173
			461	173
			460	173
			459	173
			458	174
			457	174
			456	174
			455	174
			454	174
			453	174
			452	175
			451	175
			450	175
			449	175
			448	175
			447	176
			446	176
			445	176
			444	176
			443	176
			442	177
			441	177
			440	177
			439	177
			438	178
			437	178
			436	178
			435	178
			434	178
			433	179
			432	179
			431	179
			430	179
			429	180
			428	180
			427	180
			426	181
			425	181
			424	181
			423	181
			422	182
			421	182
			420	182
			419	182
			418	183
			417	183
			416	183
			415	183
			414	184
			413	184
			412	184
			411	184
			410	184
			409	185
			408	185
			407	185
			406	185
			405	185
			404	185
			403	185
			402	186
			401	186
			400	186
			399	186
			398	186
			397	186
			396	186
			395	187
			394	187
			393	187
			392	187
			391	187
			390	187
			389	187
			388	187
			387	187
			386	187
			385	188
			384	188
			383	188
			382	188
			381	188
			380	188
		</caudal_vent_ant>
		<anal type=matrix rownames=FALSE colnames=FALSE nrow=40 ncol=2 as.numeric=TRUE >
			380	188
			379	188
			378	188
			377	188
			376	188
			375	189
			374	189
			373	189
			372	189
			371	189
			370	189
			369	190
			368	190
			367	190
			366	191
			365	191
			364	191
			363	191
			362	192
			361	192
			360	192
			359	193
			358	193
			357	193
			356	194
			355	194
			354	194
			353	195
			352	195
			351	195
			350	196
			349	196
			348	196
			347	197
			346	197
			345	197
			344	198
			343	198
			342	199
			341	199
		</anal>
		<ventral_body type=matrix rownames=FALSE colnames=FALSE nrow=322 ncol=2 as.numeric=TRUE >
			341	199
			340	199
			339	200
			338	200
			337	200
			336	201
			335	201
			334	201
			333	202
			332	202
			331	202
			330	203
			329	203
			328	203
			327	203
			327	204
			326	204
			325	204
			324	204
			323	205
			322	205
			321	205
			320	205
			319	206
			318	206
			317	206
			316	206
			315	207
			314	207
			313	207
			312	207
			311	208
			310	208
			309	208
			308	208
			307	209
			306	209
			305	209
			304	210
			303	210
			302	210
			301	210
			300	210
			299	211
			298	211
			297	211
			296	211
			295	211
			294	212
			293	212
			292	212
			291	212
			290	213
			289	213
			288	213
			287	213
			286	213
			285	214
			284	214
			283	214
			282	214
			281	214
			281	215
			280	215
			279	215
			278	215
			277	215
			276	216
			275	216
			274	216
			273	216
			272	216
			271	217
			270	217
			269	217
			268	217
			267	217
			266	217
			266	218
			265	218
			264	218
			263	218
			262	218
			261	218
			260	219
			259	219
			258	219
			257	219
			256	219
			255	220
			254	220
			253	220
			252	220
			251	220
			250	220
			249	221
			248	221
			247	221
			246	221
			245	221
			244	221
			243	222
			242	222
			241	222
			240	222
			239	222
			238	222
			237	222
			236	222
			235	222
			234	222
			233	222
			232	222
			231	221
			230	221
			229	221
			228	221
			227	221
			226	221
			225	221
			224	221
			223	221
			222	221
			221	221
			220	221
			219	221
			218	221
			217	221
			216	221
			215	221
			214	220
			213	220
			212	220
			211	220
			210	220
			209	220
			208	220
			207	220
			206	220
			205	220
			204	220
			203	220
			202	220
			201	220
			200	219
			199	219
			198	219
			197	219
			196	219
			195	219
			194	219
			193	219
			192	219
			191	219
			190	219
			189	219
			188	219
			187	218
			186	218
			185	218
			184	218
			183	218
			182	218
			181	218
			180	218
			179	218
			178	218
			177	218
			176	218
			175	217
			174	217
			173	217
			172	217
			171	217
			170	217
			169	217
			168	217
			167	217
			166	217
			165	217
			164	216
			163	216
			162	216
			161	216
			160	216
			159	216
			158	216
			157	216
			156	216
			155	216
			154	215
			153	215
			152	215
			151	215
			150	215
			149	215
			148	215
			147	215
			146	215
			145	215
			144	214
			143	214
			142	214
			141	214
			140	214
			139	214
			138	214
			137	214
			136	214
			135	213
			134	213
			133	213
			132	213
			131	213
			130	213
			129	213
			128	213
			127	213
			126	212
			125	212
			124	212
			123	212
			122	212
			121	212
			120	212
			119	212
			118	212
			117	211
			116	211
			115	211
			114	211
			113	211
			112	210
			111	210
			110	210
			109	209
			108	209
			107	209
			106	208
			105	208
			104	208
			103	207
			102	207
			101	207
			100	206
			99	206
			98	206
			97	205
			96	205
			95	205
			94	204
			93	204
			92	204
			91	203
			90	203
			89	202
			88	202
			87	202
			86	201
			85	201
			84	201
			83	200
			82	200
			81	199
			80	199
			79	199
			78	198
			77	198
			76	198
			75	198
			74	197
			73	197
			72	197
			71	197
			70	197
			69	197
			68	196
			67	196
			66	196
			65	196
			65	195
			64	195
			63	195
			62	195
			61	194
			60	194
			59	193
			58	193
			57	193
			56	192
			55	192
			54	191
			53	191
			52	190
			51	190
			50	189
			49	188
			48	188
			47	187
			46	186
			45	185
			44	184
			43	183
			42	182
			42	181
			41	180
			41	179
			41	178
			40	177
			40	176
			40	175
			40	174
			39	173
			39	172
			39	171
			39	170
			39	169
			39	168
			38	167
			38	166
			38	165
			38	164
		</ventral_body>
		<operculum type=matrix rownames=FALSE colnames=FALSE nrow=45 ncol=2 as.numeric=TRUE >
			173	189
			172	188
			171	187
			170	186
			170	185
			169	184
			168	183
			168	182
			167	181
			166	180
			166	179
			165	178
			165	177
			164	176
			164	175
			163	174
			163	173
			163	172
			162	171
			162	170
			162	169
			161	168
			161	167
			161	166
			161	165
			161	164
			161	163
			161	162
			161	161
			161	160
			161	159
			162	158
			162	157
			162	156
			162	155
			162	154
			162	153
			163	152
			163	151
			163	150
			164	149
			164	148
			165	147
			165	146
			166	145
		</operculum>
	</curves.pixel>
</shapes>

