<shapes type=list>
	<scaling type=logical names=FALSE length=1 as.numeric=FALSE >NA</scaling>
	<landmarks.pixel type=matrix rownames=TRUE colnames=FALSE nrow=15 ncol=2 as.numeric=TRUE >
		pectoral_dors	173	232
		pectoral_vent	191	276
		premax_post	38	227
		upper_jaw	27	217
		dorsal_ant	339	121
		dorsal_post	505	220
		caud_pedunc_dors	514	225
		caud_scale_dors	556	198
		caud_scale_vent	560	300
		caud_pedunc_vent	517	270
		anal_post	498	274
		anal_ant	360	358
		lower_jaw	26	222
		operc_vent	163	238
		oper_dor	171	192
	</landmarks.pixel>
	<curves.control type=list>
		<head type=matrix rownames=FALSE colnames=FALSE nrow=11 ncol=2 as.numeric=TRUE >
			27	217
			35	206
			63	178
			99	153
			143	134
			163	126
			202	120
			252	117
			297	120
			320	121
			339	121
		</head>
		<dorsal type=matrix rownames=FALSE colnames=FALSE nrow=7 ncol=2 as.numeric=TRUE >
			339	121
			359	127
			410	149
			452	172
			484	198
			494	209
			505	220
		</dorsal>
		<caudal_dors_ant type=matrix rownames=FALSE colnames=FALSE nrow=3 ncol=2 as.numeric=TRUE >
			505	220
			509	223
			514	225
		</caudal_dors_ant>
		<caud_dors_post type=matrix rownames=FALSE colnames=FALSE nrow=5 ncol=2 as.numeric=TRUE >
			514	225
			527	217
			539	207
			548	201
			556	198
		</caud_dors_post>
		<caud_vent_post type=matrix rownames=FALSE colnames=FALSE nrow=5 ncol=2 as.numeric=TRUE >
			560	300
			548	294
			536	286
			528	278
			517	270
		</caud_vent_post>
		<caudal_vent_ant type=matrix rownames=FALSE colnames=FALSE nrow=3 ncol=2 as.numeric=TRUE >
			517	270
			508	272
			498	274
		</caudal_vent_ant>
		<anal type=matrix rownames=FALSE colnames=FALSE nrow=7 ncol=2 as.numeric=TRUE >
			498	274
			475	291
			442	315
			407	335
			383	347
			367	353
			360	358
		</anal>
		<ventral_body type=matrix rownames=FALSE colnames=FALSE nrow=15 ncol=2 as.numeric=TRUE >
			360	358
			337	374
			283	405
			271	407
			267	413
			254	407
			209	397
			151	372
			87	328
			47	281
			37	264
			36	258
			28	253
			24	230
			26	222
		</ventral_body>
		<operculum type=matrix rownames=FALSE colnames=FALSE nrow=5 ncol=2 as.numeric=TRUE >
			163	238
			162	224
			165	211
			168	200
			171	192
		</operculum>
	</curves.control>
	<curves.pixel type=list>
		<head type=matrix rownames=FALSE colnames=FALSE nrow=328 ncol=2 as.numeric=TRUE >
			27	217
			27	216
			28	216
			29	215
			29	214
			30	213
			31	212
			32	211
			33	210
			34	209
			34	208
			35	207
			36	206
			37	205
			38	204
			39	203
			40	202
			41	201
			42	200
			42	199
			43	198
			44	197
			45	196
			46	196
			46	195
			47	194
			48	194
			48	193
			49	192
			50	192
			50	191
			51	190
			52	189
			53	189
			53	188
			54	187
			55	186
			56	185
			57	184
			58	183
			59	182
			60	181
			61	180
			62	179
			63	178
			64	177
			65	176
			66	176
			67	175
			68	175
			68	174
			69	174
			70	173
			71	173
			72	172
			73	171
			74	171
			75	170
			76	169
			77	169
			78	168
			79	167
			80	167
			81	166
			82	166
			83	165
			84	164
			85	164
			86	163
			87	163
			88	162
			89	161
			90	161
			91	160
			92	160
			93	159
			94	158
			95	158
			96	157
			97	157
			98	156
			99	155
			100	155
			101	154
			102	154
			103	153
			104	153
			105	152
			106	152
			107	151
			108	151
			109	150
			110	150
			111	149
			112	149
			113	148
			114	148
			115	147
			116	147
			117	146
			118	146
			119	145
			120	144
			121	144
			122	144
			122	143
			123	143
			124	143
			125	142
			126	142
			127	141
			128	141
			129	140
			130	140
			131	140
			131	139
			132	139
			133	138
			134	138
			135	138
			136	137
			137	137
			137	136
			138	136
			139	136
			140	135
			141	135
			142	135
			142	134
			143	134
			144	134
			144	133
			145	133
			146	133
			147	133
			148	132
			149	132
			150	131
			151	131
			152	131
			153	131
			153	130
			154	130
			155	130
			156	130
			157	129
			158	129
			159	129
			160	128
			161	128
			162	128
			163	128
			164	127
			165	127
			166	127
			167	127
			168	126
			169	126
			170	126
			171	126
			172	126
			173	125
			174	125
			175	125
			176	125
			177	124
			178	124
			179	124
			180	124
			181	124
			182	123
			183	123
			184	123
			185	123
			186	123
			187	123
			188	122
			189	122
			190	122
			191	122
			192	122
			193	121
			194	121
			195	121
			196	121
			197	121
			198	121
			199	120
			200	120
			201	120
			202	120
			203	120
			204	120
			205	120
			206	120
			207	120
			208	120
			209	120
			210	120
			211	120
			212	119
			213	119
			214	119
			215	119
			216	119
			217	119
			218	119
			219	119
			220	119
			221	119
			222	119
			223	119
			224	119
			225	119
			226	119
			227	119
			228	119
			229	119
			230	119
			231	119
			232	119
			233	119
			234	119
			235	119
			236	119
			237	119
			238	119
			239	119
			240	119
			241	119
			242	119
			243	119
			244	119
			245	119
			246	119
			247	119
			248	119
			249	119
			250	119
			251	119
			252	119
			253	119
			254	119
			255	119
			256	119
			257	119
			258	119
			259	119
			260	119
			261	119
			262	119
			263	119
			264	119
			265	119
			266	119
			267	119
			268	119
			269	119
			270	119
			271	119
			272	119
			273	119
			274	119
			275	119
			276	119
			277	119
			278	119
			279	119
			280	119
			281	119
			282	119
			283	119
			284	119
			285	119
			286	119
			287	119
			288	119
			289	120
			290	120
			291	120
			292	120
			293	120
			294	120
			295	120
			296	120
			297	120
			298	120
			299	120
			300	120
			301	120
			302	120
			303	120
			304	120
			305	120
			306	120
			307	120
			308	120
			309	120
			310	120
			311	121
			312	121
			313	121
			314	121
			315	121
			316	121
			317	121
			318	121
			319	121
			320	121
			321	121
			322	121
			323	121
			324	121
			325	121
			326	121
			327	121
			328	121
			329	121
			330	121
			331	121
			332	121
			333	121
			334	121
			335	121
			336	121
			337	121
			338	121
			339	121
		</head>
		<dorsal type=matrix rownames=FALSE colnames=FALSE nrow=181 ncol=2 as.numeric=TRUE >
			339	121
			340	121
			341	122
			342	122
			343	122
			344	123
			345	123
			346	123
			347	123
			348	124
			349	124
			350	124
			351	125
			352	125
			353	126
			354	126
			355	126
			356	127
			357	127
			358	128
			359	128
			360	129
			361	129
			362	129
			363	129
			363	130
			364	130
			365	130
			366	131
			367	131
			368	132
			369	132
			370	132
			371	133
			372	133
			373	134
			374	134
			375	134
			376	135
			377	135
			378	136
			379	136
			380	137
			381	137
			382	137
			383	138
			384	138
			385	139
			386	139
			387	139
			388	140
			389	140
			390	141
			391	141
			392	141
			393	142
			394	142
			395	143
			396	143
			397	143
			398	144
			399	144
			400	145
			401	145
			402	146
			403	146
			404	146
			405	147
			406	147
			407	148
			408	148
			409	149
			410	149
			411	150
			412	150
			413	150
			413	151
			414	151
			415	152
			416	152
			417	153
			418	153
			418	154
			419	154
			420	155
			421	155
			422	155
			422	156
			423	156
			424	157
			425	157
			426	158
			427	159
			428	159
			429	160
			430	160
			431	161
			432	162
			433	162
			434	163
			435	163
			436	164
			437	165
			438	166
			439	166
			440	166
			440	167
			441	167
			442	168
			443	169
			444	169
			445	170
			446	170
			447	171
			448	172
			449	172
			450	173
			451	174
			452	174
			453	175
			454	175
			454	176
			455	177
			456	177
			457	178
			458	179
			459	179
			460	180
			461	180
			462	181
			462	182
			463	182
			464	183
			465	183
			466	184
			467	185
			468	185
			468	186
			469	187
			470	187
			471	188
			472	188
			473	189
			473	190
			474	190
			475	191
			476	192
			477	192
			478	193
			479	194
			480	195
			481	196
			482	196
			483	197
			484	198
			485	199
			486	200
			487	201
			488	202
			488	203
			489	204
			490	204
			491	205
			491	206
			492	207
			493	207
			494	208
			494	209
			495	210
			496	211
			497	211
			497	212
			498	213
			499	214
			500	214
			500	215
			501	216
			502	217
			503	218
			504	219
			505	220
		</dorsal>
		<caudal_dors_ant type=matrix rownames=FALSE colnames=FALSE nrow=11 ncol=2 as.numeric=TRUE >
			505	220
			506	221
			507	221
			507	222
			508	222
			509	223
			510	223
			511	224
			512	224
			513	224
			514	225
		</caudal_dors_ant>
		<caud_dors_post type=matrix rownames=FALSE colnames=FALSE nrow=45 ncol=2 as.numeric=TRUE >
			514	225
			515	224
			516	224
			517	223
			518	222
			519	222
			520	221
			521	220
			522	220
			523	219
			524	218
			525	218
			526	217
			527	216
			528	215
			529	215
			530	214
			531	213
			532	212
			533	212
			534	211
			535	210
			536	209
			537	209
			538	208
			539	207
			540	207
			540	206
			541	206
			542	205
			543	205
			543	204
			544	204
			545	203
			546	203
			547	202
			548	202
			549	201
			550	201
			551	200
			552	200
			553	199
			554	199
			555	198
			556	198
		</caud_dors_post>
		<caud_vent_post type=matrix rownames=FALSE colnames=FALSE nrow=49 ncol=2 as.numeric=TRUE >
			560	300
			559	300
			558	299
			557	299
			556	298
			555	298
			555	297
			554	297
			553	296
			552	296
			551	295
			550	295
			549	294
			548	294
			547	293
			546	293
			545	292
			545	291
			544	291
			543	290
			542	290
			541	289
			540	289
			539	288
			538	287
			537	287
			536	286
			535	285
			534	284
			533	283
			532	282
			531	282
			531	281
			530	280
			529	279
			528	279
			527	278
			526	277
			525	276
			524	275
			523	274
			522	274
			521	273
			520	273
			520	272
			519	272
			518	271
			518	270
			517	270
		</caud_vent_post>
		<caudal_vent_ant type=matrix rownames=FALSE colnames=FALSE nrow=21 ncol=2 as.numeric=TRUE >
			517	270
			516	270
			515	270
			514	271
			513	271
			512	271
			511	271
			510	271
			509	272
			508	272
			507	272
			506	272
			505	272
			505	273
			504	273
			503	273
			502	273
			501	273
			500	274
			499	274
			498	274
		</caudal_vent_ant>
		<anal type=matrix rownames=FALSE colnames=FALSE nrow=151 ncol=2 as.numeric=TRUE >
			498	274
			497	275
			496	275
			495	276
			495	277
			494	277
			493	278
			492	279
			491	279
			490	280
			489	281
			488	281
			487	282
			486	283
			485	283
			484	284
			484	285
			483	285
			482	286
			481	287
			480	288
			479	288
			478	289
			477	290
			476	290
			475	291
			474	292
			473	293
			472	293
			471	294
			470	295
			469	296
			468	296
			467	297
			466	297
			466	298
			465	298
			464	299
			463	299
			463	300
			462	301
			461	301
			460	302
			459	302
			459	303
			458	304
			457	304
			456	305
			455	305
			454	306
			454	307
			453	307
			452	308
			451	308
			450	309
			449	310
			448	311
			447	312
			446	312
			445	313
			444	314
			443	314
			442	315
			441	316
			440	316
			439	317
			438	317
			437	318
			436	318
			436	319
			435	319
			434	319
			433	320
			432	321
			431	321
			430	322
			429	322
			428	323
			427	323
			426	324
			425	324
			425	325
			424	325
			423	326
			422	326
			421	327
			420	327
			419	328
			418	328
			418	329
			417	329
			416	330
			415	330
			414	331
			413	331
			412	332
			411	332
			410	333
			409	334
			408	334
			407	335
			406	335
			405	336
			404	336
			403	337
			402	337
			401	338
			400	338
			399	339
			398	339
			398	340
			397	340
			396	340
			395	341
			394	341
			393	342
			392	342
			391	343
			390	344
			389	344
			388	345
			387	345
			386	346
			385	346
			384	347
			383	347
			382	347
			382	348
			381	348
			380	348
			379	348
			378	349
			377	349
			376	350
			375	350
			374	351
			373	351
			372	352
			371	352
			370	353
			369	353
			368	353
			367	354
			366	354
			365	355
			364	356
			363	356
			362	357
			361	357
			361	358
			360	358
		</anal>
		<ventral_body type=matrix rownames=FALSE colnames=FALSE nrow=399 ncol=2 as.numeric=TRUE >
			360	358
			359	359
			358	359
			358	360
			357	360
			356	361
			355	361
			354	362
			353	363
			352	364
			351	364
			350	365
			349	365
			349	366
			348	366
			347	367
			346	367
			345	368
			344	369
			343	369
			342	370
			341	371
			340	371
			339	372
			338	372
			337	373
			336	374
			335	374
			334	375
			333	375
			332	376
			331	377
			330	377
			329	378
			328	379
			327	379
			326	380
			325	380
			325	381
			324	381
			323	381
			323	382
			322	382
			321	383
			320	383
			319	384
			318	384
			317	385
			316	386
			315	387
			314	387
			313	388
			312	388
			311	389
			310	389
			309	390
			308	391
			307	391
			306	392
			305	392
			304	393
			303	394
			302	394
			301	395
			300	395
			299	396
			298	396
			297	397
			296	398
			295	398
			294	399
			293	400
			292	400
			291	400
			291	401
			290	401
			289	401
			289	402
			288	402
			287	402
			287	403
			286	403
			285	404
			284	404
			283	405
			282	405
			281	405
			280	406
			279	406
			278	406
			277	406
			276	407
			275	407
			274	407
			273	408
			272	409
			271	409
			270	410
			269	410
			269	411
			268	412
			267	413
			266	413
			265	412
			264	412
			263	411
			262	411
			261	411
			260	410
			259	410
			258	410
			257	409
			256	409
			255	409
			254	408
			253	408
			252	408
			251	407
			250	407
			249	407
			248	407
			247	406
			246	406
			245	406
			244	405
			243	405
			242	405
			241	405
			240	404
			239	404
			238	404
			237	404
			236	403
			235	403
			234	403
			233	403
			232	402
			231	402
			230	402
			229	402
			228	401
			227	401
			226	401
			225	401
			224	400
			223	400
			222	400
			221	400
			220	399
			219	399
			218	399
			217	399
			216	399
			215	398
			214	398
			213	398
			212	398
			211	398
			211	397
			210	397
			209	397
			208	396
			207	396
			206	396
			205	395
			204	395
			203	394
			202	394
			201	394
			200	393
			199	392
			198	392
			197	392
			196	391
			195	391
			194	390
			193	390
			192	389
			191	389
			190	388
			189	388
			188	387
			187	387
			186	386
			185	386
			184	386
			183	385
			182	385
			181	384
			180	384
			179	383
			178	383
			177	382
			176	382
			175	381
			174	381
			173	380
			172	380
			171	379
			170	379
			169	378
			168	377
			167	377
			166	376
			165	376
			164	375
			163	375
			162	374
			161	374
			160	373
			159	373
			158	372
			157	372
			156	371
			155	370
			154	370
			153	369
			152	369
			151	368
			150	368
			149	367
			148	366
			147	366
			146	365
			145	365
			144	364
			143	364
			142	363
			141	362
			140	362
			139	361
			138	361
			137	360
			136	359
			135	359
			134	358
			133	358
			132	357
			131	356
			130	356
			129	355
			128	354
			127	354
			126	353
			125	352
			124	352
			123	351
			122	351
			121	350
			120	350
			119	349
			118	348
			117	348
			116	347
			115	346
			114	346
			113	345
			112	345
			111	344
			110	344
			109	343
			108	342
			107	341
			106	340
			105	340
			104	339
			103	339
			103	338
			102	338
			101	338
			101	337
			100	337
			99	336
			98	335
			97	335
			96	334
			95	333
			94	333
			94	332
			93	332
			92	331
			91	331
			90	330
			89	329
			88	329
			87	328
			86	327
			85	326
			84	325
			84	324
			83	323
			82	323
			82	322
			81	321
			80	320
			80	319
			79	319
			78	318
			78	317
			77	316
			76	315
			75	314
			74	313
			74	312
			73	311
			72	310
			71	310
			71	309
			70	308
			69	307
			69	306
			68	305
			67	304
			66	303
			65	302
			64	301
			64	300
			63	299
			62	298
			61	297
			61	296
			60	295
			59	294
			58	293
			57	292
			56	291
			55	290
			55	289
			54	288
			53	287
			52	286
			52	285
			51	284
			50	283
			50	282
			49	281
			48	280
			47	279
			46	278
			46	277
			45	276
			44	275
			44	274
			43	273
			42	272
			42	271
			41	271
			41	270
			40	269
			40	268
			39	267
			38	266
			37	265
			37	264
			37	263
			37	262
			36	262
			36	261
			35	260
			35	259
			34	258
			34	257
			33	257
			32	256
			31	255
			30	254
			29	254
			28	253
			28	252
			28	251
			28	250
			27	249
			27	248
			27	247
			27	246
			27	245
			27	244
			26	243
			26	242
			26	241
			26	240
			26	239
			26	238
			26	237
			26	236
			26	235
			26	234
			25	233
			25	232
			25	231
			25	230
			25	229
			25	228
			25	227
			25	226
			26	225
			26	224
			26	223
			26	222
		</ventral_body>
		<operculum type=matrix rownames=FALSE colnames=FALSE nrow=48 ncol=2 as.numeric=TRUE >
			163	238
			163	237
			163	236
			163	235
			163	234
			163	233
			163	232
			163	231
			163	230
			163	229
			163	228
			163	227
			163	226
			163	225
			163	224
			163	223
			163	222
			163	221
			163	220
			164	219
			164	218
			164	217
			164	216
			164	215
			164	214
			165	213
			165	212
			165	211
			165	210
			166	209
			166	208
			166	207
			166	206
			167	205
			167	204
			167	203
			167	202
			168	202
			168	201
			168	200
			169	199
			169	198
			169	197
			170	196
			170	195
			170	194
			171	193
			171	192
		</operculum>
	</curves.pixel>
</shapes>

