<shapes type=list>
	<scaling type=logical names=FALSE length=1 as.numeric=FALSE >NA</scaling>
	<landmarks.pixel type=matrix rownames=TRUE colnames=FALSE nrow=15 ncol=2 as.numeric=TRUE >
		pectoral_dors	439	527
		pectoral_vent	497	640
		premax_post	138	531
		upper_jaw	89	507
		dorsal_ant	1079	275
		dorsal_post	1196	339
		caud_pedunc_dors	1344	394
		caud_scale_dors	1512	425
		caud_scale_vent	1497	590
		caud_pedunc_vent	1366	574
		anal_post	1293	589
		anal_ant	1204	659
		lower_jaw	113	529
		operc_vent	403	579
		oper_dor	443	445
	</landmarks.pixel>
	<curves.control type=list>
		<head type=matrix rownames=FALSE colnames=FALSE nrow=21 ncol=2 as.numeric=TRUE >
			89	507
			110	480
			121	449
			128	419
			153	399
			190	391
			234	344
			260	314
			263	278
			283	245
			327	228
			382	217
			409	207
			470	180
			555	171
			664	171
			792	181
			890	205
			972	217
			1043	245
			1079	275
		</head>
		<dorsal type=matrix rownames=FALSE colnames=FALSE nrow=5 ncol=2 as.numeric=TRUE >
			1079	275
			1097	296
			1131	311
			1162	324
			1196	339
		</dorsal>
		<caudal_dors_ant type=matrix rownames=FALSE colnames=FALSE nrow=5 ncol=2 as.numeric=TRUE >
			1196	339
			1246	352
			1290	360
			1338	375
			1344	394
		</caudal_dors_ant>
		<caud_dors_post type=matrix rownames=FALSE colnames=FALSE nrow=5 ncol=2 as.numeric=TRUE >
			1344	394
			1365	400
			1424	409
			1472	418
			1512	425
		</caud_dors_post>
		<caud_vent_post type=matrix rownames=FALSE colnames=FALSE nrow=5 ncol=2 as.numeric=TRUE >
			1497	590
			1461	582
			1415	573
			1378	559
			1366	574
		</caud_vent_post>
		<caudal_vent_ant type=matrix rownames=FALSE colnames=FALSE nrow=3 ncol=2 as.numeric=TRUE >
			1366	574
			1339	583
			1293	589
		</caudal_vent_ant>
		<anal type=matrix rownames=FALSE colnames=FALSE nrow=5 ncol=2 as.numeric=TRUE >
			1293	589
			1265	611
			1241	631
			1223	644
			1204	659
		</anal>
		<ventral_body type=matrix rownames=FALSE colnames=FALSE nrow=17 ncol=2 as.numeric=TRUE >
			1204	659
			1179	683
			1071	736
			957	766
			798	776
			665	763
			543	729
			478	706
			384	677
			302	635
			238	610
			192	586
			183	573
			162	579
			146	558
			128	543
			113	529
		</ventral_body>
		<operculum type=matrix rownames=FALSE colnames=FALSE nrow=7 ncol=2 as.numeric=TRUE >
			403	579
			411	541
			432	509
			445	485
			451	471
			449	458
			443	445
		</operculum>
	</curves.control>
	<curves.pixel type=list>
		<head type=matrix rownames=FALSE colnames=FALSE nrow=1104 ncol=2 as.numeric=TRUE >
			89	507
			90	506
			90	505
			91	504
			92	503
			93	502
			93	501
			94	500
			95	499
			96	498
			96	497
			97	496
			98	495
			98	494
			99	493
			99	492
			100	491
			101	491
			101	490
			102	489
			102	488
			103	487
			103	486
			104	486
			104	485
			105	484
			105	483
			106	482
			106	481
			107	480
			108	479
			108	478
			109	477
			109	476
			110	475
			110	474
			111	473
			111	472
			112	471
			112	470
			113	469
			113	468
			113	467
			114	467
			114	466
			114	465
			115	464
			116	463
			116	462
			116	461
			117	460
			117	459
			118	458
			118	457
			118	456
			119	455
			119	454
			119	453
			120	452
			120	451
			121	450
			121	449
			121	448
			122	447
			122	446
			122	445
			122	444
			122	443
			123	443
			123	442
			123	441
			123	440
			124	440
			124	439
			124	438
			125	437
			125	436
			125	435
			126	434
			126	433
			127	432
			127	431
			128	430
			128	429
			129	428
			129	427
			130	426
			131	425
			131	424
			132	423
			132	422
			133	421
			134	420
			134	419
			135	418
			135	417
			136	416
			137	415
			138	414
			138	413
			139	413
			140	412
			141	411
			141	410
			142	409
			143	408
			144	407
			145	407
			145	406
			146	405
			147	404
			148	403
			149	402
			150	402
			151	401
			152	400
			153	399
			154	399
			155	398
			156	398
			157	398
			158	398
			159	398
			160	397
			161	397
			162	396
			163	396
			164	396
			165	395
			166	395
			167	395
			168	394
			169	394
			170	394
			171	393
			172	392
			173	392
			174	392
			175	391
			176	391
			177	390
			178	390
			179	389
			180	389
			181	388
			182	387
			183	387
			184	386
			185	385
			186	385
			187	384
			188	384
			188	383
			189	383
			190	382
			191	382
			192	381
			193	381
			193	380
			194	379
			195	379
			196	378
			197	378
			198	377
			199	376
			200	375
			201	374
			202	374
			203	373
			204	372
			205	371
			206	370
			207	369
			208	368
			209	368
			210	367
			211	366
			212	365
			213	364
			214	363
			215	363
			216	362
			217	361
			218	360
			219	359
			220	358
			221	357
			222	357
			223	356
			224	355
			224	354
			225	353
			226	352
			227	351
			228	350
			229	349
			230	348
			231	347
			232	346
			233	345
			234	344
			235	343
			236	342
			237	341
			237	340
			238	339
			239	338
			240	337
			240	336
			241	335
			242	334
			243	333
			243	332
			244	331
			245	330
			245	329
			246	328
			246	327
			247	326
			248	325
			248	324
			249	323
			249	322
			250	321
			250	320
			251	319
			251	318
			252	317
			252	316
			253	315
			253	314
			254	313
			254	312
			255	311
			255	310
			256	309
			256	308
			256	307
			257	306
			257	305
			258	304
			258	303
			258	302
			259	301
			259	300
			259	299
			259	298
			260	297
			260	296
			260	295
			261	294
			261	293
			261	292
			261	291
			261	290
			262	289
			262	288
			262	287
			262	286
			262	285
			262	284
			262	283
			263	282
			263	281
			263	280
			263	279
			263	278
			263	277
			264	276
			265	276
			265	275
			266	274
			266	273
			267	272
			267	271
			268	271
			269	270
			269	269
			270	268
			270	267
			271	266
			272	266
			272	265
			273	264
			274	263
			275	262
			276	261
			277	260
			278	259
			279	258
			280	257
			280	256
			281	255
			282	255
			283	254
			284	253
			285	252
			286	251
			287	250
			288	250
			289	249
			290	248
			291	247
			292	247
			293	246
			294	245
			295	245
			296	244
			297	243
			298	242
			299	242
			300	241
			301	241
			302	240
			303	240
			303	239
			304	239
			305	238
			306	238
			307	237
			308	237
			309	236
			310	236
			310	235
			311	235
			312	234
			313	234
			314	234
			315	233
			316	233
			317	232
			318	232
			319	231
			320	231
			321	231
			322	230
			323	230
			324	229
			325	229
			326	229
			327	228
			328	228
			329	228
			330	227
			331	227
			332	227
			333	227
			334	227
			335	226
			336	226
			337	226
			338	226
			339	225
			340	225
			341	225
			342	225
			343	225
			344	224
			345	224
			346	224
			347	224
			348	224
			349	223
			350	223
			351	223
			352	223
			353	222
			354	222
			355	222
			356	222
			357	222
			358	221
			359	221
			360	221
			361	221
			362	221
			362	220
			363	220
			364	220
			365	220
			366	219
			367	219
			368	219
			369	219
			370	218
			371	218
			372	218
			373	218
			374	217
			375	217
			376	217
			377	217
			378	216
			379	216
			380	216
			381	216
			382	215
			383	215
			384	215
			385	215
			385	214
			386	214
			387	214
			388	214
			389	213
			390	213
			391	213
			392	212
			393	212
			394	212
			395	212
			396	211
			397	211
			398	211
			399	210
			400	210
			401	210
			402	210
			403	209
			404	209
			405	208
			406	208
			407	208
			408	207
			409	207
			410	206
			411	206
			412	206
			413	205
			414	205
			415	204
			416	204
			417	204
			418	203
			419	203
			420	202
			421	202
			422	202
			423	201
			424	201
			425	200
			426	200
			427	200
			427	199
			428	199
			429	199
			430	199
			430	198
			431	198
			432	198
			433	197
			434	197
			435	197
			436	196
			437	196
			438	196
			439	195
			440	195
			441	195
			442	194
			443	194
			444	194
			445	193
			446	193
			447	193
			448	192
			449	192
			450	192
			451	191
			452	191
			453	191
			454	190
			455	190
			456	190
			457	190
			458	189
			459	189
			460	189
			461	189
			461	188
			462	188
			463	188
			464	188
			465	187
			466	187
			467	187
			468	187
			469	186
			470	186
			471	186
			472	186
			473	185
			474	185
			475	185
			476	185
			477	184
			478	184
			479	184
			480	184
			481	183
			482	183
			483	183
			484	183
			485	182
			486	182
			487	182
			488	182
			489	182
			490	181
			491	181
			492	181
			493	181
			494	180
			495	180
			496	180
			497	180
			498	180
			499	179
			500	179
			501	179
			502	179
			503	179
			504	178
			505	178
			506	178
			507	178
			508	178
			509	178
			510	177
			511	177
			512	177
			513	177
			514	177
			515	176
			516	176
			517	176
			518	176
			519	176
			520	176
			521	175
			522	175
			523	175
			524	175
			525	175
			526	175
			527	175
			527	174
			528	174
			529	174
			530	174
			531	174
			532	174
			533	174
			534	174
			535	173
			536	173
			537	173
			538	173
			539	173
			540	173
			541	173
			542	173
			543	172
			544	172
			545	172
			546	172
			547	172
			548	172
			549	172
			550	172
			551	171
			552	171
			553	171
			554	171
			555	171
			556	171
			557	171
			558	171
			559	171
			560	171
			561	171
			562	171
			563	171
			564	171
			565	171
			566	171
			567	171
			568	171
			569	171
			570	171
			571	171
			572	171
			573	171
			574	171
			575	171
			576	171
			577	171
			578	171
			579	171
			580	171
			581	171
			582	171
			583	171
			584	171
			585	171
			586	171
			587	171
			588	171
			589	171
			590	171
			591	171
			592	171
			593	171
			594	171
			595	171
			596	171
			597	171
			598	171
			599	171
			600	171
			601	171
			602	171
			603	171
			604	171
			605	172
			606	172
			607	172
			608	172
			609	172
			610	172
			611	172
			612	172
			613	172
			614	172
			615	172
			616	172
			617	172
			618	172
			619	172
			620	172
			621	172
			622	172
			623	172
			624	172
			625	172
			626	172
			627	172
			628	172
			629	172
			630	172
			631	172
			632	172
			633	172
			634	172
			635	172
			636	172
			637	172
			638	172
			639	172
			640	172
			641	172
			642	173
			643	173
			644	173
			645	173
			646	173
			647	173
			648	173
			649	173
			650	173
			651	173
			652	173
			653	173
			654	173
			655	173
			656	173
			657	173
			658	173
			659	173
			660	173
			661	173
			662	173
			663	173
			664	173
			665	173
			666	173
			667	173
			668	173
			669	174
			670	174
			671	174
			672	174
			673	174
			674	174
			675	174
			676	174
			677	174
			678	174
			679	174
			680	174
			681	174
			682	174
			683	174
			684	174
			685	174
			686	174
			687	174
			688	174
			689	174
			690	174
			691	175
			692	175
			693	175
			694	175
			695	175
			696	175
			697	175
			698	175
			699	175
			700	175
			701	175
			702	175
			703	175
			704	175
			705	175
			706	175
			707	175
			708	175
			709	175
			710	176
			711	176
			712	176
			713	176
			714	176
			715	176
			716	176
			717	176
			718	176
			719	176
			720	176
			721	176
			722	176
			723	176
			724	176
			725	176
			726	176
			727	176
			728	177
			729	177
			730	177
			731	177
			732	177
			733	177
			734	177
			735	177
			736	177
			737	177
			738	177
			739	177
			740	177
			741	177
			742	177
			743	178
			744	178
			745	178
			746	178
			747	178
			748	178
			749	178
			750	178
			751	178
			752	178
			753	178
			754	178
			755	178
			756	178
			757	178
			758	178
			759	179
			760	179
			761	179
			762	179
			763	179
			764	179
			765	179
			766	179
			767	179
			768	179
			769	179
			770	179
			771	179
			772	180
			773	180
			774	180
			775	180
			776	180
			777	180
			778	180
			779	180
			780	180
			781	180
			782	180
			783	180
			784	180
			785	180
			786	181
			787	181
			788	181
			789	181
			790	181
			791	181
			792	181
			793	181
			794	181
			795	182
			796	182
			797	182
			798	182
			799	183
			800	183
			801	183
			802	183
			803	184
			804	184
			805	184
			806	184
			807	185
			808	185
			809	185
			810	185
			811	186
			812	186
			813	186
			814	186
			815	186
			816	187
			817	187
			818	187
			819	187
			820	188
			821	188
			822	188
			823	188
			824	189
			825	189
			826	189
			827	189
			828	189
			828	190
			829	190
			830	190
			831	190
			832	191
			833	191
			834	191
			835	191
			836	191
			837	192
			838	192
			839	192
			840	192
			841	192
			842	193
			843	193
			844	193
			845	193
			846	194
			847	194
			848	194
			849	194
			850	195
			851	195
			852	195
			853	195
			854	195
			855	196
			856	196
			857	196
			858	196
			859	196
			860	197
			861	197
			862	197
			863	197
			864	197
			865	198
			866	198
			867	198
			868	198
			869	198
			869	199
			870	199
			871	199
			872	199
			873	199
			874	200
			875	200
			876	200
			877	200
			878	200
			879	201
			880	201
			881	201
			882	201
			883	201
			884	202
			885	202
			886	202
			887	202
			888	202
			889	203
			890	203
			891	203
			892	203
			893	203
			894	204
			895	204
			896	204
			897	204
			898	204
			899	205
			900	205
			901	205
			902	205
			903	205
			904	206
			905	206
			906	206
			907	206
			908	206
			909	206
			910	207
			911	207
			912	207
			913	207
			914	207
			915	208
			916	208
			917	208
			918	208
			919	208
			920	208
			921	209
			922	209
			923	209
			924	209
			925	209
			926	210
			927	210
			928	210
			929	210
			930	210
			931	210
			932	211
			933	211
			934	211
			935	211
			936	211
			937	211
			938	212
			939	212
			940	212
			941	212
			942	212
			943	212
			944	213
			945	213
			946	213
			947	213
			948	213
			949	213
			950	214
			951	214
			952	214
			953	214
			954	214
			955	214
			956	215
			957	215
			958	215
			959	215
			960	215
			961	215
			962	215
			962	216
			963	216
			964	216
			965	216
			966	216
			967	216
			968	216
			969	217
			970	217
			971	217
			972	217
			973	217
			974	218
			975	218
			976	219
			977	219
			978	219
			979	220
			980	220
			981	221
			982	221
			983	221
			984	222
			985	222
			986	223
			987	223
			988	223
			989	224
			990	224
			991	225
			992	225
			993	225
			994	226
			995	227
			996	227
			997	227
			998	228
			999	228
			1000	229
			1001	229
			1002	230
			1003	230
			1004	230
			1004	231
			1005	231
			1006	231
			1007	232
			1008	232
			1009	233
			1010	233
			1011	234
			1012	234
			1013	235
			1014	235
			1015	236
			1016	236
			1017	237
			1018	237
			1019	238
			1020	238
			1021	239
			1022	239
			1023	240
			1024	240
			1025	241
			1026	241
			1027	242
			1028	242
			1029	243
			1030	243
			1031	244
			1032	244
			1033	245
			1034	245
			1035	246
			1036	247
			1037	247
			1038	248
			1039	248
			1040	249
			1041	249
			1042	250
			1043	250
			1044	251
			1045	251
			1046	252
			1047	253
			1048	254
			1049	254
			1050	255
			1051	255
			1052	256
			1053	257
			1054	257
			1055	258
			1056	258
			1057	259
			1058	260
			1059	260
			1060	261
			1061	261
			1061	262
			1062	262
			1063	263
			1064	264
			1065	264
			1066	265
			1067	266
			1068	267
			1069	267
			1070	268
			1071	269
			1072	269
			1073	270
			1074	271
			1075	272
			1076	273
			1077	274
			1078	274
			1079	275
		</head>
		<dorsal type=matrix rownames=FALSE colnames=FALSE nrow=122 ncol=2 as.numeric=TRUE >
			1079	275
			1080	276
			1081	277
			1082	278
			1083	279
			1084	280
			1084	281
			1085	281
			1086	282
			1087	283
			1087	284
			1088	284
			1089	285
			1090	286
			1091	287
			1092	288
			1093	289
			1094	290
			1095	290
			1096	291
			1097	292
			1098	293
			1099	293
			1100	294
			1101	295
			1102	295
			1103	296
			1104	297
			1105	297
			1106	298
			1107	298
			1107	299
			1108	299
			1109	300
			1110	300
			1111	301
			1112	301
			1113	302
			1114	302
			1115	303
			1116	303
			1116	304
			1117	304
			1118	305
			1119	305
			1120	306
			1121	306
			1122	307
			1123	307
			1124	308
			1125	308
			1126	309
			1127	309
			1128	310
			1129	310
			1130	311
			1131	311
			1132	312
			1133	312
			1134	312
			1135	313
			1136	313
			1137	314
			1138	314
			1139	314
			1140	315
			1141	315
			1142	316
			1143	316
			1144	316
			1145	317
			1146	317
			1147	318
			1148	318
			1149	319
			1150	319
			1151	319
			1152	320
			1153	320
			1154	321
			1155	321
			1156	321
			1157	322
			1158	322
			1159	323
			1160	323
			1161	324
			1162	324
			1163	324
			1164	325
			1165	325
			1166	326
			1167	326
			1168	327
			1169	327
			1170	327
			1171	328
			1172	328
			1173	329
			1174	329
			1175	330
			1176	330
			1177	331
			1178	331
			1179	331
			1180	332
			1181	332
			1182	333
			1183	333
			1184	334
			1185	334
			1186	335
			1187	335
			1188	336
			1189	336
			1190	336
			1191	337
			1192	337
			1193	338
			1194	338
			1195	339
			1196	339
		</dorsal>
		<caudal_dors_ant type=matrix rownames=FALSE colnames=FALSE nrow=164 ncol=2 as.numeric=TRUE >
			1196	339
			1197	339
			1198	340
			1199	340
			1200	340
			1201	340
			1202	341
			1203	341
			1204	341
			1205	341
			1206	341
			1207	342
			1208	342
			1209	342
			1210	343
			1211	343
			1212	343
			1213	343
			1214	344
			1215	344
			1216	344
			1217	344
			1218	345
			1219	345
			1220	345
			1221	345
			1222	346
			1223	346
			1224	346
			1225	346
			1226	346
			1227	347
			1228	347
			1229	347
			1230	348
			1231	348
			1232	348
			1233	348
			1234	348
			1235	349
			1236	349
			1237	349
			1238	349
			1239	350
			1240	350
			1241	350
			1242	350
			1243	350
			1244	351
			1245	351
			1246	351
			1247	351
			1248	351
			1248	352
			1249	352
			1250	352
			1251	352
			1252	352
			1253	353
			1254	353
			1255	353
			1256	353
			1257	353
			1258	354
			1259	354
			1260	354
			1261	354
			1262	354
			1262	355
			1263	355
			1264	355
			1265	355
			1266	355
			1267	356
			1268	356
			1269	356
			1270	356
			1271	356
			1272	357
			1273	357
			1274	357
			1275	357
			1276	357
			1277	358
			1278	358
			1279	358
			1280	358
			1281	358
			1282	359
			1283	359
			1284	359
			1285	359
			1286	359
			1287	359
			1288	360
			1289	360
			1290	360
			1291	360
			1292	361
			1293	361
			1294	361
			1295	362
			1296	362
			1297	362
			1298	363
			1299	363
			1300	363
			1301	364
			1302	364
			1303	364
			1304	365
			1305	365
			1306	366
			1307	366
			1308	366
			1309	367
			1310	367
			1311	368
			1312	368
			1313	369
			1314	369
			1315	369
			1316	370
			1317	370
			1318	371
			1319	371
			1320	372
			1321	372
			1322	373
			1323	373
			1324	374
			1325	374
			1326	375
			1327	376
			1328	376
			1328	377
			1329	377
			1330	378
			1331	378
			1331	379
			1332	379
			1333	380
			1334	380
			1334	381
			1335	381
			1335	382
			1336	382
			1337	383
			1337	384
			1338	384
			1338	385
			1339	385
			1339	386
			1340	386
			1340	387
			1341	387
			1341	388
			1341	389
			1342	389
			1342	390
			1343	391
			1343	392
			1344	393
			1344	394
		</caudal_dors_ant>
		<caud_dors_post type=matrix rownames=FALSE colnames=FALSE nrow=172 ncol=2 as.numeric=TRUE >
			1344	394
			1345	394
			1346	395
			1347	395
			1348	395
			1349	395
			1350	396
			1351	396
			1352	396
			1353	396
			1354	397
			1355	397
			1356	397
			1357	397
			1358	397
			1359	398
			1360	398
			1361	398
			1362	398
			1363	398
			1364	399
			1365	399
			1366	399
			1367	399
			1368	400
			1369	400
			1370	400
			1371	400
			1372	400
			1373	400
			1374	401
			1375	401
			1376	401
			1377	401
			1378	401
			1379	402
			1380	402
			1381	402
			1382	402
			1383	402
			1384	402
			1385	403
			1386	403
			1387	403
			1388	403
			1389	403
			1390	404
			1391	404
			1392	404
			1393	404
			1394	404
			1395	404
			1396	404
			1396	405
			1397	405
			1398	405
			1399	405
			1400	405
			1401	405
			1402	405
			1403	406
			1404	406
			1405	406
			1406	406
			1407	406
			1408	407
			1409	407
			1410	407
			1411	407
			1412	407
			1413	407
			1414	407
			1414	408
			1415	408
			1416	408
			1417	408
			1418	408
			1419	408
			1420	408
			1421	409
			1422	409
			1423	409
			1424	409
			1425	409
			1426	409
			1427	410
			1428	410
			1429	410
			1430	410
			1431	410
			1432	411
			1433	411
			1434	411
			1435	411
			1436	411
			1437	412
			1438	412
			1439	412
			1440	412
			1441	412
			1442	412
			1443	413
			1444	413
			1445	413
			1446	413
			1447	413
			1448	414
			1449	414
			1450	414
			1451	414
			1452	414
			1453	414
			1454	415
			1455	415
			1456	415
			1457	415
			1458	415
			1459	416
			1460	416
			1461	416
			1462	416
			1463	416
			1464	416
			1465	417
			1466	417
			1467	417
			1468	417
			1469	417
			1470	418
			1471	418
			1472	418
			1473	418
			1474	418
			1475	418
			1476	419
			1477	419
			1478	419
			1479	419
			1480	419
			1481	420
			1482	420
			1483	420
			1484	420
			1485	420
			1486	420
			1487	421
			1488	421
			1489	421
			1490	421
			1491	421
			1492	421
			1493	422
			1494	422
			1495	422
			1496	422
			1497	422
			1498	422
			1498	423
			1499	423
			1500	423
			1501	423
			1502	423
			1503	423
			1504	424
			1505	424
			1506	424
			1507	424
			1508	424
			1509	424
			1510	425
			1511	425
			1512	425
		</caud_dors_post>
		<caud_vent_post type=matrix rownames=FALSE colnames=FALSE nrow=136 ncol=2 as.numeric=TRUE >
			1497	590
			1496	590
			1495	590
			1494	589
			1493	589
			1492	589
			1491	589
			1490	588
			1489	588
			1488	588
			1487	588
			1486	588
			1485	587
			1484	587
			1483	587
			1482	587
			1481	586
			1480	586
			1479	586
			1478	586
			1477	586
			1476	585
			1475	585
			1474	585
			1473	585
			1472	585
			1471	584
			1470	584
			1469	584
			1468	584
			1467	584
			1466	583
			1465	583
			1464	583
			1463	583
			1462	582
			1461	582
			1460	582
			1459	582
			1458	582
			1457	581
			1456	581
			1455	581
			1454	581
			1453	581
			1452	580
			1451	580
			1450	580
			1449	580
			1448	580
			1447	579
			1446	579
			1445	579
			1444	579
			1443	579
			1442	578
			1441	578
			1440	578
			1439	578
			1438	578
			1437	577
			1436	577
			1435	577
			1434	577
			1433	577
			1432	576
			1431	576
			1430	576
			1429	576
			1428	576
			1427	575
			1426	575
			1425	575
			1424	575
			1423	575
			1422	574
			1421	574
			1420	574
			1419	574
			1418	573
			1417	573
			1416	573
			1415	573
			1414	573
			1413	572
			1412	572
			1411	572
			1410	571
			1409	571
			1408	571
			1407	570
			1406	570
			1405	569
			1404	569
			1403	569
			1402	569
			1401	569
			1400	568
			1399	568
			1398	568
			1397	568
			1396	567
			1395	567
			1394	567
			1393	567
			1392	567
			1391	567
			1390	567
			1390	566
			1389	566
			1388	566
			1387	566
			1386	566
			1385	566
			1384	566
			1383	566
			1382	566
			1381	566
			1380	567
			1379	567
			1378	567
			1377	567
			1376	567
			1376	568
			1375	568
			1374	568
			1373	568
			1373	569
			1372	569
			1371	569
			1371	570
			1370	570
			1369	571
			1368	572
			1367	573
			1366	574
		</caud_vent_post>
		<caudal_vent_ant type=matrix rownames=FALSE colnames=FALSE nrow=74 ncol=2 as.numeric=TRUE >
			1366	574
			1365	574
			1364	575
			1363	575
			1362	575
			1361	576
			1360	576
			1359	576
			1358	576
			1357	577
			1356	577
			1355	577
			1354	577
			1353	578
			1352	578
			1351	578
			1350	579
			1349	579
			1348	579
			1347	579
			1346	580
			1345	580
			1344	580
			1343	580
			1342	581
			1341	581
			1340	581
			1339	581
			1338	581
			1337	582
			1336	582
			1335	582
			1334	582
			1333	583
			1332	583
			1331	583
			1330	583
			1329	583
			1328	584
			1327	584
			1326	584
			1325	584
			1324	584
			1323	584
			1322	585
			1321	585
			1320	585
			1319	585
			1318	585
			1317	585
			1316	586
			1315	586
			1314	586
			1313	586
			1312	586
			1311	586
			1310	587
			1309	587
			1308	587
			1307	587
			1306	587
			1305	587
			1304	588
			1303	588
			1302	588
			1301	588
			1300	588
			1299	588
			1298	588
			1297	589
			1296	589
			1295	589
			1294	589
			1293	589
		</caudal_vent_ant>
		<anal type=matrix rownames=FALSE colnames=FALSE nrow=94 ncol=2 as.numeric=TRUE >
			1293	589
			1292	590
			1291	591
			1290	591
			1289	592
			1288	593
			1287	594
			1286	594
			1285	595
			1284	596
			1283	597
			1282	597
			1281	598
			1280	599
			1279	600
			1278	601
			1277	601
			1277	602
			1276	603
			1275	604
			1274	604
			1273	605
			1272	606
			1271	607
			1270	607
			1269	608
			1268	609
			1267	610
			1266	610
			1265	611
			1264	612
			1263	613
			1262	614
			1261	615
			1260	615
			1260	616
			1259	616
			1258	617
			1257	618
			1256	619
			1255	619
			1254	620
			1253	621
			1252	622
			1251	623
			1250	623
			1249	624
			1248	625
			1247	626
			1246	626
			1246	627
			1245	628
			1244	629
			1243	629
			1242	630
			1241	631
			1240	631
			1240	632
			1239	632
			1238	633
			1237	634
			1236	635
			1235	635
			1234	636
			1233	637
			1232	638
			1231	638
			1230	639
			1229	640
			1228	641
			1227	641
			1226	642
			1225	643
			1224	643
			1223	644
			1222	645
			1221	646
			1220	646
			1219	647
			1218	648
			1217	649
			1216	649
			1215	650
			1214	651
			1213	652
			1212	653
			1211	653
			1210	654
			1209	655
			1208	656
			1207	656
			1206	657
			1205	658
			1204	659
		</anal>
		<ventral_body type=matrix rownames=FALSE colnames=FALSE nrow=1142 ncol=2 as.numeric=TRUE >
			1204	659
			1203	660
			1202	661
			1201	662
			1200	663
			1199	664
			1198	664
			1197	665
			1196	666
			1195	666
			1194	667
			1194	668
			1193	668
			1192	669
			1191	669
			1191	670
			1190	670
			1189	671
			1188	672
			1187	672
			1186	673
			1185	673
			1184	674
			1183	675
			1182	676
			1181	676
			1180	677
			1179	677
			1179	678
			1178	678
			1177	679
			1176	679
			1176	680
			1175	680
			1174	681
			1173	681
			1172	682
			1171	683
			1170	683
			1169	684
			1168	685
			1167	685
			1166	686
			1165	686
			1164	687
			1163	688
			1162	688
			1161	689
			1160	689
			1159	690
			1158	691
			1157	691
			1156	691
			1155	692
			1154	692
			1154	693
			1153	693
			1152	694
			1151	694
			1150	695
			1149	695
			1148	696
			1147	696
			1147	697
			1146	697
			1145	698
			1144	698
			1143	699
			1142	699
			1141	700
			1140	700
			1139	701
			1138	701
			1137	702
			1136	703
			1135	703
			1134	704
			1133	704
			1132	705
			1131	705
			1130	706
			1129	706
			1128	707
			1127	707
			1126	708
			1125	708
			1124	709
			1123	710
			1122	710
			1121	711
			1120	711
			1119	712
			1118	712
			1117	713
			1116	713
			1115	714
			1114	715
			1113	715
			1112	715
			1112	716
			1111	716
			1110	716
			1110	717
			1109	717
			1108	717
			1108	718
			1107	718
			1106	718
			1105	719
			1104	719
			1103	720
			1102	721
			1101	721
			1100	721
			1099	722
			1098	722
			1098	723
			1097	723
			1096	724
			1095	724
			1094	724
			1093	725
			1092	725
			1092	726
			1091	726
			1090	727
			1089	727
			1088	728
			1087	728
			1086	728
			1085	729
			1084	729
			1083	730
			1082	731
			1081	731
			1080	732
			1079	732
			1078	733
			1077	733
			1076	734
			1075	734
			1074	734
			1073	735
			1072	736
			1071	736
			1070	736
			1069	737
			1068	737
			1067	737
			1066	737
			1065	737
			1065	738
			1064	738
			1063	738
			1062	738
			1061	739
			1060	739
			1059	739
			1058	739
			1057	740
			1056	740
			1055	740
			1054	740
			1053	741
			1052	741
			1051	741
			1050	741
			1049	741
			1048	742
			1047	742
			1046	742
			1045	742
			1045	743
			1044	743
			1043	743
			1042	743
			1041	743
			1040	744
			1039	744
			1038	744
			1037	744
			1036	745
			1035	745
			1034	745
			1033	745
			1032	745
			1031	746
			1030	746
			1029	746
			1028	746
			1027	747
			1026	747
			1025	747
			1024	747
			1023	747
			1022	748
			1021	748
			1020	748
			1019	748
			1018	748
			1017	749
			1016	749
			1015	749
			1014	749
			1013	749
			1012	750
			1011	750
			1010	750
			1009	750
			1008	750
			1007	751
			1006	751
			1005	751
			1004	751
			1003	751
			1002	752
			1001	752
			1000	752
			999	752
			998	752
			997	752
			996	753
			995	753
			994	753
			993	753
			992	753
			991	754
			990	754
			989	754
			988	754
			987	754
			986	755
			985	755
			984	755
			983	755
			982	755
			981	755
			980	756
			979	756
			978	756
			977	756
			976	756
			975	756
			974	757
			973	757
			972	757
			971	757
			970	757
			969	757
			968	758
			967	758
			966	758
			965	758
			964	758
			963	758
			962	758
			961	759
			960	759
			959	759
			958	759
			957	759
			956	759
			955	760
			954	760
			953	760
			952	760
			951	760
			950	760
			949	761
			948	761
			947	761
			946	761
			945	761
			944	761
			943	761
			942	762
			941	762
			940	762
			939	762
			938	762
			937	762
			936	762
			935	762
			935	763
			934	763
			933	763
			932	763
			931	763
			930	763
			929	763
			928	763
			927	764
			926	764
			925	764
			924	764
			923	764
			922	764
			921	764
			920	765
			919	765
			918	765
			917	765
			916	765
			915	765
			914	765
			913	765
			912	766
			911	766
			910	766
			909	766
			908	766
			907	766
			906	766
			905	766
			904	767
			903	767
			902	767
			901	767
			900	767
			899	767
			898	767
			897	767
			896	767
			895	768
			894	768
			893	768
			892	768
			891	768
			890	768
			889	768
			888	768
			887	768
			886	769
			885	769
			884	769
			883	769
			882	769
			881	769
			880	769
			879	769
			878	769
			877	769
			876	770
			875	770
			874	770
			873	770
			872	770
			871	770
			870	770
			869	770
			868	770
			867	770
			866	771
			865	771
			864	771
			863	771
			862	771
			861	771
			860	771
			859	771
			858	771
			857	771
			856	772
			855	772
			854	772
			853	772
			852	772
			851	772
			850	772
			849	772
			848	772
			847	772
			846	772
			845	773
			844	773
			843	773
			842	773
			841	773
			840	773
			839	773
			838	773
			837	773
			836	773
			835	773
			834	773
			833	773
			833	774
			832	774
			831	774
			830	774
			829	774
			828	774
			827	774
			826	774
			825	774
			824	774
			823	774
			822	774
			821	774
			820	775
			819	775
			818	775
			817	775
			816	775
			815	775
			814	775
			813	775
			812	775
			811	775
			810	775
			809	775
			808	775
			807	775
			806	775
			805	776
			804	776
			803	776
			802	776
			801	776
			800	776
			799	776
			798	776
			797	776
			796	776
			795	776
			794	776
			793	775
			792	775
			791	775
			790	775
			789	775
			788	775
			787	775
			786	775
			785	775
			784	775
			783	774
			782	774
			781	774
			780	774
			779	774
			778	774
			777	774
			776	774
			775	774
			774	774
			774	773
			773	773
			772	773
			771	773
			770	773
			769	773
			768	773
			767	773
			766	773
			765	772
			764	772
			763	772
			762	772
			761	772
			760	772
			759	772
			758	772
			757	771
			756	771
			755	771
			754	771
			753	771
			752	771
			751	771
			750	771
			749	771
			749	770
			748	770
			747	770
			746	770
			745	770
			744	770
			743	770
			742	770
			741	769
			740	769
			739	769
			738	769
			737	769
			736	769
			735	769
			734	768
			733	768
			732	768
			731	768
			730	768
			729	768
			728	768
			727	768
			727	767
			726	767
			725	767
			724	767
			723	767
			722	767
			721	767
			720	766
			719	766
			718	766
			717	766
			716	766
			715	766
			714	766
			713	765
			712	765
			711	765
			710	765
			709	765
			708	765
			707	764
			706	764
			705	764
			704	764
			703	764
			702	764
			701	763
			700	763
			699	763
			698	763
			697	763
			696	763
			695	762
			694	762
			693	762
			692	762
			691	762
			690	762
			689	762
			688	761
			687	761
			686	761
			685	761
			684	761
			683	761
			682	760
			681	760
			680	760
			679	760
			678	760
			677	759
			676	759
			675	759
			674	759
			673	759
			672	758
			671	758
			670	758
			669	758
			668	758
			667	758
			666	757
			665	757
			664	757
			663	757
			662	757
			661	756
			660	756
			659	756
			658	756
			657	756
			656	756
			655	755
			654	755
			653	755
			652	755
			651	755
			650	754
			649	754
			648	754
			647	754
			646	754
			645	753
			644	753
			643	753
			642	753
			641	753
			640	752
			639	752
			638	752
			637	752
			636	752
			635	751
			634	751
			633	751
			632	751
			631	750
			630	750
			629	750
			628	750
			627	750
			626	749
			625	749
			624	749
			623	749
			622	749
			621	748
			620	748
			619	748
			618	748
			617	747
			616	747
			615	747
			614	747
			613	747
			612	746
			611	746
			610	746
			609	746
			608	746
			607	745
			606	745
			605	745
			604	745
			603	744
			602	744
			601	744
			600	744
			599	743
			598	743
			597	743
			596	743
			595	742
			594	742
			593	742
			592	742
			591	741
			590	741
			589	741
			588	741
			587	741
			586	740
			585	740
			584	740
			583	739
			582	739
			581	739
			580	739
			579	738
			578	738
			577	738
			576	738
			575	737
			574	737
			573	737
			572	737
			571	736
			570	736
			569	736
			568	736
			567	735
			566	735
			565	735
			564	735
			563	734
			562	734
			561	734
			560	734
			559	733
			558	733
			557	733
			556	732
			555	732
			554	732
			553	732
			552	731
			551	731
			550	731
			549	731
			548	730
			547	730
			546	730
			545	729
			544	729
			543	729
			542	729
			541	728
			540	728
			539	728
			538	727
			537	727
			536	726
			535	726
			534	726
			533	725
			532	725
			531	725
			530	724
			529	724
			528	724
			527	723
			526	723
			525	723
			524	722
			523	722
			522	722
			521	721
			520	721
			519	721
			518	720
			517	720
			516	720
			515	719
			514	719
			513	719
			512	718
			511	718
			510	717
			509	717
			508	717
			507	716
			506	716
			505	716
			504	715
			503	715
			502	715
			501	714
			500	714
			499	714
			498	714
			497	713
			496	713
			495	712
			494	712
			493	712
			492	712
			492	711
			491	711
			490	711
			489	711
			489	710
			488	710
			487	710
			486	710
			486	709
			485	709
			484	709
			483	709
			482	708
			481	708
			480	707
			479	707
			478	707
			477	707
			476	706
			475	706
			474	706
			473	705
			472	705
			471	705
			470	704
			469	704
			468	704
			467	703
			466	703
			465	703
			464	702
			463	702
			462	702
			461	701
			460	701
			459	701
			458	701
			458	700
			457	700
			456	700
			455	699
			454	699
			453	699
			452	698
			451	698
			450	698
			449	697
			448	697
			447	697
			446	696
			445	696
			444	696
			443	695
			442	695
			441	695
			440	695
			439	694
			438	694
			437	694
			436	693
			435	693
			434	693
			433	692
			432	692
			431	692
			430	691
			429	691
			428	691
			427	690
			426	690
			425	690
			424	689
			423	689
			422	689
			421	689
			420	688
			419	688
			418	688
			417	687
			416	687
			415	687
			414	686
			413	686
			412	686
			411	685
			410	685
			409	685
			408	685
			407	684
			406	684
			405	684
			404	683
			403	683
			402	683
			401	682
			400	682
			399	682
			398	681
			397	681
			396	681
			395	681
			394	680
			393	680
			392	680
			391	679
			390	679
			389	679
			388	678
			387	678
			386	678
			385	677
			384	677
			383	677
			382	676
			381	675
			380	675
			379	674
			378	674
			377	673
			376	673
			375	672
			374	672
			373	672
			373	671
			372	671
			371	670
			370	670
			369	669
			368	669
			367	668
			366	668
			365	667
			364	667
			363	667
			363	666
			362	666
			361	665
			360	665
			359	664
			358	664
			357	663
			356	663
			355	663
			354	662
			353	661
			352	661
			351	660
			350	660
			349	659
			348	659
			347	658
			346	658
			345	657
			344	657
			343	657
			343	656
			342	656
			341	656
			340	655
			339	655
			338	654
			337	654
			336	653
			335	653
			334	652
			333	652
			332	651
			331	651
			330	650
			329	650
			328	649
			327	649
			326	648
			325	648
			324	647
			323	647
			322	647
			321	646
			320	646
			319	645
			318	645
			318	644
			317	644
			316	644
			315	643
			314	643
			313	642
			312	642
			311	641
			310	641
			309	641
			309	640
			308	640
			307	639
			306	639
			305	639
			304	638
			303	638
			302	637
			301	637
			300	636
			299	636
			298	635
			297	635
			296	634
			295	634
			294	634
			293	633
			292	633
			291	632
			290	632
			289	631
			288	631
			287	631
			287	630
			286	630
			285	630
			284	629
			283	629
			282	628
			281	628
			280	627
			279	627
			278	627
			278	626
			277	626
			276	626
			275	625
			274	625
			273	624
			272	624
			271	623
			270	623
			269	622
			268	622
			267	622
			266	621
			265	621
			264	621
			263	620
			262	620
			261	619
			260	619
			259	619
			259	618
			258	618
			257	618
			257	617
			256	617
			255	617
			254	617
			254	616
			253	616
			252	616
			251	615
			250	615
			249	614
			248	614
			247	614
			246	613
			245	613
			244	613
			244	612
			243	612
			242	611
			241	611
			240	611
			239	611
			238	610
			237	610
			236	609
			235	608
			234	608
			233	607
			232	607
			231	606
			230	606
			229	605
			228	605
			227	604
			226	604
			226	603
			225	603
			224	603
			223	602
			222	601
			221	601
			220	600
			219	600
			218	599
			217	598
			216	598
			215	597
			214	597
			213	596
			212	596
			211	595
			210	594
			209	594
			208	593
			207	592
			206	592
			205	591
			204	590
			203	590
			202	589
			201	589
			200	588
			199	587
			198	587
			198	586
			197	586
			196	585
			195	585
			195	584
			194	583
			193	583
			192	582
			191	581
			190	580
			189	579
			188	578
			187	577
			186	576
			185	575
			184	575
			183	574
			183	573
			182	573
			181	574
			180	574
			179	574
			178	574
			177	574
			176	574
			175	574
			174	574
			173	574
			172	574
			171	574
			170	574
			169	574
			168	574
			167	573
			166	573
			165	573
			164	573
			164	572
			163	572
			162	572
			161	571
			160	571
			159	570
			158	569
			157	569
			156	568
			155	568
			155	567
			154	567
			153	566
			153	565
			152	565
			151	564
			151	563
			150	563
			149	562
			149	561
			148	560
			147	560
			147	559
			146	558
			145	557
			144	557
			144	556
			143	556
			142	555
			142	554
			141	554
			140	553
			139	553
			139	552
			138	551
			137	551
			137	550
			136	550
			135	549
			135	548
			134	548
			133	547
			132	546
			131	545
			130	544
			129	543
			128	543
			127	542
			127	541
			126	541
			125	540
			124	539
			123	538
			122	537
			121	536
			120	535
			119	535
			118	534
			117	533
			116	532
			115	531
			115	530
			114	530
			113	529
		</ventral_body>
		<operculum type=matrix rownames=FALSE colnames=FALSE nrow=143 ncol=2 as.numeric=TRUE >
			403	579
			403	578
			403	577
			404	576
			404	575
			404	574
			404	573
			404	572
			405	572
			405	571
			405	570
			405	569
			406	568
			406	567
			406	566
			406	565
			407	564
			407	563
			407	562
			408	561
			408	560
			408	559
			408	558
			409	558
			409	557
			409	556
			410	555
			410	554
			410	553
			411	552
			411	551
			411	550
			412	549
			412	548
			412	547
			413	546
			413	545
			414	544
			414	543
			414	542
			415	541
			415	540
			416	539
			416	538
			417	537
			417	536
			418	535
			418	534
			418	533
			419	532
			419	531
			420	530
			420	529
			421	529
			421	528
			422	527
			422	526
			423	525
			423	524
			423	523
			424	522
			424	521
			425	521
			425	520
			426	519
			426	518
			427	517
			427	516
			428	515
			429	515
			429	514
			430	513
			430	512
			431	511
			431	510
			432	509
			433	508
			433	507
			434	506
			434	505
			435	504
			435	503
			436	502
			436	501
			437	500
			437	499
			438	499
			438	498
			438	497
			439	496
			439	495
			440	494
			441	493
			441	492
			441	491
			442	490
			442	489
			443	488
			443	487
			444	487
			444	486
			445	485
			445	484
			445	483
			446	482
			447	481
			447	480
			447	479
			448	478
			448	477
			449	476
			449	475
			450	474
			450	473
			451	472
			451	471
			451	470
			451	469
			451	468
			450	468
			450	467
			450	466
			450	465
			450	464
			449	463
			449	462
			449	461
			448	460
			448	459
			448	458
			448	457
			447	456
			447	455
			447	454
			446	453
			446	452
			445	451
			445	450
			445	449
			444	448
			444	447
			443	446
			443	445
		</operculum>
	</curves.pixel>
</shapes>

