<shapes type=list>
	<scaling type=logical names=FALSE length=1 as.numeric=FALSE >NA</scaling>
	<landmarks.pixel type=matrix rownames=TRUE colnames=FALSE nrow=15 ncol=2 as.numeric=TRUE >
		pectoral_dors	1071	1046
		pectoral_vent	1092	1152
		premax_post	368	974
		upper_jaw	324	937
		dorsal_ant	1463	592
		dorsal_post	2235	840
		caud_pedunc_dors	2330	848
		caud_scale_dors	2424	847
		caud_scale_vent	2438	1127
		caud_pedunc_vent	2333	1141
		anal_post	2245	1135
		anal_ant	1603	1371
		lower_jaw	309	969
		operc_vent	1024	1069
		oper_dor	1044	997
	</landmarks.pixel>
	<curves.control type=list>
		<head type=matrix rownames=FALSE colnames=FALSE nrow=13 ncol=2 as.numeric=TRUE >
			324	937
			385	932
			427	934
			489	914
			590	870
			668	829
			769	757
			836	716
			893	701
			1040	683
			1144	649
			1292	625
			1463	592
		</head>
		<dorsal type=matrix rownames=FALSE colnames=FALSE nrow=5 ncol=2 as.numeric=TRUE >
			1463	592
			1696	599
			1872	660
			2080	745
			2235	840
		</dorsal>
		<caudal_dors_ant type=matrix rownames=FALSE colnames=FALSE nrow=3 ncol=2 as.numeric=TRUE >
			2235	840
			2286	847
			2330	848
		</caudal_dors_ant>
		<caud_dors_post type=matrix rownames=FALSE colnames=FALSE nrow=3 ncol=2 as.numeric=TRUE >
			2330	848
			2376	847
			2424	847
		</caud_dors_post>
		<caud_vent_post type=matrix rownames=FALSE colnames=FALSE nrow=3 ncol=2 as.numeric=TRUE >
			2438	1127
			2380	1140
			2333	1141
		</caud_vent_post>
		<caudal_vent_ant type=matrix rownames=FALSE colnames=FALSE nrow=3 ncol=2 as.numeric=TRUE >
			2333	1141
			2285	1135
			2245	1135
		</caudal_vent_ant>
		<anal type=matrix rownames=FALSE colnames=FALSE nrow=5 ncol=2 as.numeric=TRUE >
			2245	1135
			2178	1170
			1948	1257
			1738	1328
			1603	1371
		</anal>
		<ventral_body type=matrix rownames=FALSE colnames=FALSE nrow=17 ncol=2 as.numeric=TRUE >
			1603	1371
			1543	1385
			1429	1420
			1383	1431
			1315	1447
			1195	1409
			1013	1293
			940	1246
			838	1197
			747	1146
			655	1088
			549	1053
			444	1037
			394	1042
			330	1031
			307	1013
			309	969
		</ventral_body>
		<operculum type=matrix rownames=FALSE colnames=FALSE nrow=3 ncol=2 as.numeric=TRUE >
			1024	1069
			1032	1035
			1044	997
		</operculum>
	</curves.control>
	<curves.pixel type=list>
		<head type=matrix rownames=FALSE colnames=FALSE nrow=1172 ncol=2 as.numeric=TRUE >
			324	937
			325	937
			326	937
			327	937
			328	937
			329	937
			330	937
			331	936
			332	936
			333	936
			334	936
			335	936
			336	936
			337	936
			338	936
			339	936
			340	936
			341	936
			342	936
			343	936
			344	935
			345	935
			346	935
			347	935
			348	935
			349	935
			350	935
			351	935
			352	935
			353	935
			354	935
			355	935
			356	935
			357	935
			358	935
			359	935
			360	935
			361	935
			362	934
			363	934
			364	934
			365	934
			366	934
			367	934
			368	934
			369	934
			370	934
			371	934
			372	934
			373	934
			374	934
			375	934
			376	934
			377	934
			378	934
			379	934
			380	934
			381	934
			382	934
			383	934
			384	934
			385	934
			386	934
			387	934
			388	934
			389	934
			390	934
			391	934
			392	934
			392	933
			393	933
			394	933
			395	933
			396	933
			397	933
			398	933
			399	933
			400	933
			401	933
			402	933
			403	933
			404	933
			405	933
			406	933
			407	933
			408	933
			409	933
			410	933
			411	934
			412	934
			413	934
			414	934
			415	934
			416	934
			417	934
			418	934
			419	934
			420	934
			421	934
			422	934
			423	934
			424	934
			425	934
			426	934
			427	934
			428	934
			429	933
			430	933
			431	933
			432	932
			433	932
			434	932
			435	931
			436	931
			437	931
			438	930
			439	930
			440	930
			441	929
			442	929
			443	929
			444	928
			445	928
			446	928
			447	927
			448	927
			449	927
			450	926
			451	926
			452	926
			453	925
			454	925
			455	924
			456	924
			457	924
			458	923
			459	923
			460	923
			461	922
			462	922
			463	922
			464	921
			465	921
			466	920
			467	920
			468	920
			469	919
			470	919
			471	918
			472	918
			473	918
			474	917
			475	917
			476	917
			477	916
			478	916
			479	916
			480	915
			481	915
			482	914
			483	914
			484	914
			485	913
			486	913
			487	913
			488	912
			489	912
			490	911
			491	911
			492	911
			493	910
			494	910
			495	910
			496	909
			497	909
			498	908
			499	908
			500	908
			501	907
			502	907
			503	906
			504	906
			505	906
			506	905
			507	905
			508	904
			509	904
			510	904
			511	903
			512	903
			513	902
			514	902
			515	901
			516	901
			517	901
			518	900
			519	900
			520	899
			521	899
			522	899
			523	898
			524	898
			525	898
			526	897
			527	897
			528	896
			529	896
			530	895
			531	895
			532	895
			533	894
			534	894
			535	893
			536	893
			537	893
			538	892
			539	892
			540	891
			541	891
			542	891
			543	890
			544	890
			545	889
			546	889
			547	888
			548	888
			549	888
			549	887
			550	887
			551	887
			552	886
			553	886
			554	885
			555	885
			556	885
			556	884
			557	884
			558	884
			559	883
			560	883
			561	883
			562	882
			563	882
			563	881
			564	881
			565	881
			566	880
			567	880
			568	880
			569	879
			570	879
			571	878
			572	878
			573	877
			574	877
			575	876
			576	876
			577	876
			577	875
			578	875
			579	875
			580	874
			581	874
			582	873
			583	873
			584	873
			585	872
			586	872
			587	871
			588	871
			589	870
			590	870
			591	870
			591	869
			592	869
			593	868
			594	868
			595	867
			596	867
			597	866
			598	866
			599	865
			600	865
			601	864
			602	864
			602	863
			603	863
			604	862
			605	862
			606	861
			607	861
			608	860
			609	860
			610	859
			611	859
			612	858
			613	858
			614	857
			615	857
			615	856
			616	856
			617	855
			618	855
			619	854
			620	853
			621	853
			622	852
			623	852
			624	851
			625	851
			626	850
			627	850
			628	849
			629	849
			630	848
			631	847
			632	847
			633	846
			634	846
			634	845
			635	845
			636	844
			637	843
			638	843
			639	842
			640	842
			641	841
			642	841
			643	840
			644	839
			645	839
			646	838
			647	838
			648	837
			649	836
			650	836
			651	835
			652	835
			653	834
			654	833
			655	833
			656	832
			657	832
			658	831
			659	830
			660	830
			661	829
			662	829
			663	828
			664	827
			665	827
			666	826
			667	825
			668	825
			669	824
			670	823
			671	823
			672	822
			673	822
			674	821
			675	820
			676	820
			677	819
			678	818
			679	818
			680	817
			681	817
			682	816
			683	815
			684	815
			685	814
			686	814
			686	813
			687	813
			688	812
			689	812
			689	811
			690	811
			691	810
			692	810
			693	809
			694	808
			695	808
			696	807
			697	806
			698	806
			699	805
			700	805
			700	804
			701	803
			702	803
			703	802
			704	802
			705	801
			706	800
			707	800
			708	799
			709	799
			710	798
			711	797
			712	797
			712	796
			713	795
			714	795
			715	794
			716	794
			717	793
			718	792
			719	792
			720	791
			721	790
			722	790
			723	789
			724	788
			725	788
			726	787
			727	787
			728	786
			729	785
			730	784
			731	783
			732	783
			733	783
			733	782
			734	782
			735	781
			736	780
			737	779
			738	779
			739	778
			740	777
			741	777
			742	776
			743	775
			744	774
			745	774
			746	773
			747	772
			748	772
			749	771
			750	770
			751	770
			752	769
			753	768
			754	767
			755	767
			756	766
			757	765
			758	764
			759	764
			760	763
			761	763
			761	762
			762	762
			763	762
			763	761
			764	761
			764	760
			765	760
			766	759
			767	758
			768	758
			769	757
			770	756
			771	756
			772	755
			773	755
			773	754
			774	754
			775	753
			776	753
			777	752
			778	751
			779	751
			780	750
			781	750
			782	749
			783	749
			784	748
			785	747
			786	747
			787	746
			788	746
			789	745
			790	745
			791	744
			792	744
			793	743
			794	743
			795	742
			796	741
			797	741
			798	740
			799	740
			800	739
			801	739
			802	738
			803	737
			804	737
			805	737
			805	736
			806	736
			807	736
			808	735
			809	734
			810	734
			811	733
			812	733
			813	732
			814	732
			815	731
			816	731
			817	730
			818	730
			819	729
			820	729
			821	728
			822	728
			823	727
			824	727
			825	726
			826	726
			827	726
			828	725
			829	725
			830	724
			831	724
			832	723
			833	723
			834	722
			835	722
			836	721
			837	721
			838	721
			838	720
			839	720
			840	720
			840	719
			841	719
			842	719
			843	719
			843	718
			844	718
			845	718
			845	717
			846	717
			847	717
			848	716
			849	716
			850	715
			851	715
			852	715
			852	714
			853	714
			854	714
			855	714
			856	713
			857	713
			858	712
			859	712
			860	712
			861	711
			862	711
			863	710
			864	710
			865	710
			866	709
			867	709
			868	709
			869	708
			870	708
			871	707
			872	707
			873	707
			874	707
			875	706
			876	706
			877	706
			878	705
			879	705
			880	705
			881	704
			882	704
			883	704
			884	703
			885	703
			886	703
			887	703
			888	702
			889	702
			890	702
			891	702
			892	701
			893	701
			894	701
			895	701
			896	701
			897	701
			898	700
			899	700
			900	700
			901	700
			902	700
			903	700
			904	700
			905	699
			906	699
			907	699
			908	699
			909	699
			910	699
			911	699
			912	699
			913	698
			914	698
			915	698
			916	698
			917	698
			918	698
			919	698
			920	697
			921	697
			922	697
			923	697
			924	697
			925	697
			926	697
			927	697
			928	696
			929	696
			930	696
			931	696
			932	696
			933	696
			934	696
			935	695
			936	695
			937	695
			938	695
			939	695
			940	695
			941	695
			941	694
			942	694
			943	694
			944	694
			945	694
			946	694
			947	694
			948	693
			949	693
			950	693
			951	693
			952	693
			953	693
			954	693
			955	692
			956	692
			957	692
			958	692
			959	692
			960	692
			961	691
			962	691
			963	691
			964	691
			965	691
			966	691
			967	690
			968	690
			969	690
			970	690
			971	690
			972	690
			973	690
			974	689
			975	689
			976	689
			977	689
			978	689
			979	689
			979	688
			980	688
			981	688
			982	688
			983	688
			984	688
			985	687
			986	687
			987	687
			988	687
			989	687
			990	687
			991	686
			992	686
			993	686
			994	686
			995	686
			996	686
			996	685
			997	685
			998	685
			999	685
			1000	685
			1001	685
			1002	684
			1003	684
			1004	684
			1005	684
			1006	684
			1007	683
			1008	683
			1009	683
			1010	683
			1011	683
			1012	682
			1013	682
			1014	682
			1015	682
			1016	682
			1017	681
			1018	681
			1019	681
			1020	681
			1021	681
			1022	680
			1023	680
			1024	680
			1025	680
			1026	680
			1027	680
			1028	679
			1029	679
			1030	679
			1031	679
			1032	678
			1033	678
			1034	678
			1035	678
			1036	678
			1037	677
			1038	677
			1039	677
			1040	677
			1041	676
			1042	676
			1043	676
			1044	676
			1045	676
			1046	675
			1047	675
			1048	675
			1049	675
			1050	675
			1050	674
			1051	674
			1052	674
			1053	674
			1054	674
			1055	673
			1056	673
			1057	673
			1058	673
			1059	673
			1060	672
			1061	672
			1062	672
			1063	671
			1064	671
			1065	671
			1066	671
			1067	671
			1068	670
			1069	670
			1070	670
			1071	670
			1072	669
			1073	669
			1074	669
			1075	669
			1076	668
			1077	668
			1078	668
			1079	668
			1080	667
			1081	667
			1082	667
			1083	667
			1084	666
			1085	666
			1086	666
			1087	665
			1088	665
			1089	665
			1090	665
			1091	665
			1091	664
			1092	664
			1093	664
			1094	664
			1095	663
			1096	663
			1097	663
			1098	663
			1099	662
			1100	662
			1101	662
			1102	662
			1103	661
			1104	661
			1105	661
			1106	660
			1107	660
			1108	660
			1109	660
			1110	659
			1111	659
			1112	659
			1113	659
			1113	658
			1114	658
			1115	658
			1116	658
			1117	657
			1118	657
			1119	657
			1120	656
			1121	656
			1122	656
			1123	656
			1124	655
			1125	655
			1126	655
			1127	654
			1128	654
			1129	654
			1130	654
			1130	653
			1131	653
			1132	653
			1133	653
			1134	652
			1135	652
			1136	652
			1137	651
			1138	651
			1139	651
			1140	650
			1141	650
			1142	650
			1143	649
			1144	649
			1145	649
			1146	649
			1147	649
			1148	648
			1149	648
			1150	648
			1151	648
			1152	648
			1153	648
			1154	647
			1155	647
			1156	647
			1157	647
			1158	647
			1159	647
			1160	646
			1161	646
			1162	646
			1163	646
			1164	646
			1165	646
			1166	645
			1167	645
			1168	645
			1169	645
			1170	645
			1171	645
			1172	644
			1173	644
			1174	644
			1175	644
			1176	644
			1177	644
			1178	643
			1179	643
			1180	643
			1181	643
			1182	643
			1183	643
			1184	642
			1185	642
			1186	642
			1187	642
			1188	642
			1189	642
			1190	641
			1191	641
			1192	641
			1193	641
			1194	641
			1195	641
			1196	640
			1197	640
			1198	640
			1199	640
			1200	640
			1201	640
			1202	639
			1203	639
			1204	639
			1205	639
			1206	639
			1207	639
			1208	638
			1209	638
			1210	638
			1211	638
			1212	638
			1213	637
			1214	637
			1215	637
			1216	637
			1217	637
			1218	637
			1219	636
			1220	636
			1221	636
			1222	636
			1223	636
			1224	636
			1225	635
			1226	635
			1227	635
			1228	635
			1229	635
			1230	635
			1231	634
			1232	634
			1233	634
			1234	634
			1235	634
			1236	634
			1237	633
			1238	633
			1239	633
			1240	633
			1241	633
			1242	633
			1243	632
			1244	632
			1245	632
			1246	632
			1247	632
			1248	631
			1249	631
			1250	631
			1251	631
			1252	631
			1253	631
			1254	630
			1255	630
			1256	630
			1257	630
			1258	630
			1259	630
			1260	629
			1261	629
			1262	629
			1263	629
			1264	629
			1265	629
			1266	628
			1267	628
			1268	628
			1269	628
			1270	628
			1271	628
			1271	627
			1272	627
			1273	627
			1274	627
			1275	627
			1276	627
			1277	626
			1278	626
			1279	626
			1280	626
			1281	626
			1282	626
			1283	625
			1284	625
			1285	625
			1286	625
			1287	625
			1288	624
			1289	624
			1290	624
			1291	624
			1292	624
			1293	624
			1294	623
			1295	623
			1296	623
			1297	623
			1298	623
			1299	623
			1300	622
			1301	622
			1302	622
			1303	622
			1304	622
			1305	622
			1306	621
			1307	621
			1308	621
			1309	621
			1310	620
			1311	620
			1312	620
			1313	620
			1314	620
			1315	620
			1316	619
			1317	619
			1318	619
			1319	619
			1320	619
			1321	619
			1322	618
			1323	618
			1324	618
			1325	618
			1326	618
			1327	617
			1328	617
			1329	617
			1330	617
			1331	617
			1332	616
			1333	616
			1334	616
			1335	616
			1336	616
			1337	616
			1338	615
			1339	615
			1340	615
			1341	615
			1342	615
			1343	615
			1344	614
			1345	614
			1346	614
			1347	614
			1348	614
			1349	613
			1350	613
			1351	613
			1352	613
			1353	613
			1354	612
			1355	612
			1356	612
			1357	612
			1358	612
			1359	612
			1360	611
			1361	611
			1362	611
			1363	611
			1364	611
			1365	611
			1366	610
			1367	610
			1368	610
			1369	610
			1370	610
			1371	609
			1372	609
			1373	609
			1374	609
			1375	609
			1376	609
			1377	608
			1378	608
			1379	608
			1380	608
			1381	608
			1382	607
			1383	607
			1384	607
			1385	607
			1386	607
			1387	606
			1388	606
			1389	606
			1390	606
			1391	606
			1392	606
			1393	605
			1394	605
			1395	605
			1396	605
			1397	605
			1398	604
			1399	604
			1400	604
			1401	604
			1402	604
			1403	603
			1404	603
			1405	603
			1406	603
			1407	603
			1408	603
			1409	602
			1410	602
			1411	602
			1412	602
			1413	602
			1414	601
			1415	601
			1416	601
			1417	601
			1418	601
			1419	600
			1420	600
			1421	600
			1422	600
			1423	600
			1424	600
			1425	599
			1426	599
			1427	599
			1428	599
			1429	598
			1430	598
			1431	598
			1432	598
			1433	598
			1434	598
			1435	597
			1436	597
			1437	597
			1438	597
			1439	597
			1440	596
			1441	596
			1442	596
			1443	596
			1444	596
			1445	595
			1446	595
			1447	595
			1448	595
			1449	595
			1450	594
			1451	594
			1452	594
			1453	594
			1454	594
			1455	594
			1456	593
			1457	593
			1458	593
			1459	593
			1460	593
			1461	592
			1462	592
			1463	592
		</head>
		<dorsal type=matrix rownames=FALSE colnames=FALSE nrow=791 ncol=2 as.numeric=TRUE >
			1463	592
			1464	592
			1465	592
			1466	592
			1467	592
			1468	592
			1469	592
			1470	592
			1471	592
			1472	592
			1473	592
			1474	592
			1475	592
			1476	592
			1477	592
			1478	593
			1479	593
			1480	593
			1481	593
			1482	593
			1483	593
			1484	593
			1485	593
			1486	593
			1487	593
			1488	593
			1489	593
			1490	593
			1491	593
			1492	593
			1493	593
			1494	593
			1495	593
			1496	593
			1497	593
			1498	593
			1499	593
			1500	593
			1501	594
			1502	594
			1503	594
			1504	594
			1505	594
			1506	594
			1507	594
			1508	594
			1509	594
			1510	594
			1511	594
			1512	594
			1513	594
			1514	594
			1515	594
			1516	594
			1517	594
			1518	594
			1519	595
			1520	595
			1521	595
			1522	595
			1523	595
			1524	595
			1525	595
			1526	595
			1527	595
			1528	595
			1529	595
			1530	595
			1531	595
			1532	595
			1533	595
			1534	595
			1535	596
			1536	596
			1537	596
			1538	596
			1539	596
			1540	596
			1541	596
			1542	596
			1543	596
			1544	596
			1545	596
			1546	596
			1547	596
			1548	597
			1549	597
			1550	597
			1551	597
			1552	597
			1553	597
			1554	597
			1555	597
			1556	597
			1557	597
			1558	597
			1559	597
			1560	597
			1561	598
			1562	598
			1563	598
			1564	598
			1565	598
			1566	598
			1567	598
			1568	598
			1569	598
			1570	598
			1571	598
			1572	599
			1573	599
			1574	599
			1575	599
			1576	599
			1577	599
			1578	599
			1579	599
			1580	599
			1581	599
			1582	599
			1583	600
			1584	600
			1585	600
			1586	600
			1587	600
			1588	600
			1589	600
			1590	600
			1591	600
			1592	600
			1593	601
			1594	601
			1595	601
			1596	601
			1597	601
			1598	601
			1599	601
			1600	601
			1601	601
			1602	601
			1603	602
			1604	602
			1605	602
			1606	602
			1607	602
			1608	602
			1609	602
			1610	602
			1611	603
			1612	603
			1613	603
			1614	603
			1615	603
			1616	603
			1617	603
			1618	603
			1619	604
			1620	604
			1621	604
			1622	604
			1623	604
			1624	604
			1625	604
			1626	604
			1627	605
			1628	605
			1629	605
			1630	605
			1631	605
			1632	605
			1633	605
			1634	605
			1635	606
			1636	606
			1637	606
			1638	606
			1639	606
			1640	606
			1641	606
			1642	606
			1643	607
			1644	607
			1645	607
			1646	607
			1647	607
			1648	607
			1649	607
			1650	608
			1651	608
			1652	608
			1653	608
			1654	608
			1655	608
			1656	608
			1657	609
			1658	609
			1659	609
			1660	609
			1661	609
			1662	609
			1663	609
			1663	610
			1664	610
			1665	610
			1666	610
			1667	610
			1668	610
			1669	610
			1670	611
			1671	611
			1672	611
			1673	611
			1674	611
			1675	611
			1676	612
			1677	612
			1678	612
			1679	612
			1680	612
			1681	612
			1682	613
			1683	613
			1684	613
			1685	613
			1686	613
			1687	613
			1688	613
			1688	614
			1689	614
			1690	614
			1691	614
			1692	614
			1693	614
			1694	615
			1695	615
			1696	615
			1697	615
			1698	615
			1699	615
			1700	616
			1701	616
			1702	616
			1703	616
			1704	616
			1705	617
			1706	617
			1707	617
			1708	617
			1709	617
			1710	617
			1710	618
			1711	618
			1712	618
			1713	618
			1714	618
			1715	619
			1716	619
			1717	619
			1718	619
			1719	619
			1720	619
			1721	620
			1722	620
			1723	620
			1724	620
			1725	620
			1726	621
			1727	621
			1728	621
			1729	621
			1730	621
			1731	622
			1732	622
			1733	622
			1734	622
			1735	622
			1736	623
			1737	623
			1738	623
			1739	623
			1740	624
			1741	624
			1742	624
			1743	624
			1744	624
			1745	625
			1746	625
			1747	625
			1748	625
			1749	626
			1750	626
			1751	626
			1752	626
			1753	626
			1754	627
			1755	627
			1756	627
			1757	627
			1758	628
			1759	628
			1760	628
			1761	628
			1762	628
			1763	629
			1764	629
			1765	629
			1766	629
			1767	630
			1768	630
			1769	630
			1770	630
			1771	630
			1772	631
			1773	631
			1774	631
			1775	632
			1776	632
			1777	632
			1778	632
			1779	632
			1780	633
			1781	633
			1782	633
			1783	633
			1784	634
			1785	634
			1786	634
			1787	635
			1788	635
			1789	635
			1790	635
			1791	636
			1792	636
			1793	636
			1794	636
			1795	637
			1796	637
			1797	637
			1798	637
			1799	638
			1800	638
			1801	638
			1802	638
			1803	639
			1804	639
			1805	639
			1806	640
			1807	640
			1808	640
			1809	640
			1810	641
			1811	641
			1812	641
			1813	641
			1814	642
			1815	642
			1816	642
			1817	643
			1818	643
			1819	643
			1820	644
			1821	644
			1822	644
			1823	644
			1824	645
			1825	645
			1826	645
			1827	645
			1828	646
			1829	646
			1830	647
			1831	647
			1832	647
			1833	647
			1834	648
			1835	648
			1836	648
			1837	649
			1838	649
			1839	649
			1840	650
			1841	650
			1842	650
			1843	650
			1844	651
			1845	651
			1846	651
			1847	652
			1848	652
			1849	652
			1850	653
			1851	653
			1852	653
			1853	654
			1854	654
			1855	654
			1856	654
			1857	655
			1858	655
			1859	655
			1860	656
			1861	656
			1862	657
			1863	657
			1864	657
			1865	658
			1866	658
			1867	658
			1868	659
			1869	659
			1870	659
			1871	660
			1872	660
			1873	661
			1874	661
			1875	661
			1876	661
			1876	662
			1877	662
			1878	662
			1878	663
			1879	663
			1880	663
			1881	664
			1882	664
			1883	664
			1884	665
			1885	665
			1886	666
			1887	666
			1888	667
			1889	667
			1890	668
			1891	668
			1892	668
			1893	669
			1894	669
			1895	670
			1896	670
			1897	670
			1898	671
			1899	671
			1900	672
			1901	672
			1902	673
			1903	673
			1904	673
			1905	674
			1906	674
			1907	675
			1908	675
			1909	675
			1910	676
			1911	676
			1912	677
			1913	677
			1914	678
			1915	678
			1916	678
			1917	679
			1918	679
			1919	680
			1920	680
			1921	680
			1922	681
			1923	681
			1924	682
			1925	682
			1926	683
			1927	683
			1928	683
			1929	684
			1930	684
			1931	685
			1932	685
			1933	685
			1934	686
			1935	686
			1936	687
			1937	687
			1937	688
			1938	688
			1939	688
			1940	689
			1941	689
			1942	690
			1943	690
			1944	691
			1945	691
			1946	691
			1947	692
			1948	692
			1949	693
			1950	693
			1951	693
			1952	694
			1953	694
			1954	695
			1955	695
			1956	696
			1957	696
			1958	696
			1959	697
			1960	697
			1961	698
			1962	699
			1963	699
			1964	699
			1965	700
			1966	700
			1967	700
			1968	701
			1969	702
			1970	702
			1971	702
			1972	703
			1973	703
			1974	704
			1975	704
			1976	705
			1977	705
			1978	706
			1979	706
			1980	706
			1981	707
			1982	707
			1983	708
			1984	708
			1985	709
			1986	709
			1987	710
			1988	710
			1989	710
			1990	711
			1991	711
			1992	712
			1993	712
			1994	713
			1995	713
			1996	714
			1997	714
			1998	715
			1999	715
			2000	715
			2000	716
			2001	716
			2002	716
			2002	717
			2003	717
			2004	717
			2004	718
			2005	718
			2006	718
			2006	719
			2007	719
			2008	719
			2009	720
			2010	720
			2011	721
			2012	721
			2013	722
			2014	722
			2015	722
			2015	723
			2016	723
			2017	723
			2018	724
			2019	724
			2019	725
			2020	725
			2021	725
			2022	726
			2023	726
			2024	727
			2025	727
			2026	728
			2027	728
			2028	729
			2029	729
			2030	730
			2031	730
			2032	731
			2033	731
			2034	732
			2035	732
			2036	732
			2037	733
			2038	733
			2039	734
			2040	734
			2041	735
			2042	735
			2043	736
			2044	736
			2045	737
			2046	737
			2047	738
			2048	739
			2049	739
			2050	739
			2051	740
			2052	740
			2053	741
			2054	741
			2055	742
			2056	742
			2057	742
			2057	743
			2058	743
			2059	744
			2060	744
			2061	745
			2062	745
			2063	746
			2064	746
			2065	747
			2066	747
			2067	748
			2068	748
			2069	749
			2070	749
			2071	750
			2072	750
			2073	751
			2074	751
			2075	752
			2076	752
			2077	753
			2078	753
			2079	754
			2080	754
			2081	754
			2082	755
			2083	755
			2084	756
			2085	756
			2086	757
			2087	757
			2088	758
			2089	759
			2090	759
			2091	760
			2092	760
			2093	761
			2094	761
			2095	762
			2096	762
			2097	763
			2098	763
			2099	764
			2100	764
			2101	765
			2102	765
			2103	766
			2104	766
			2105	767
			2106	767
			2107	768
			2108	769
			2109	769
			2110	770
			2111	770
			2112	771
			2113	771
			2114	772
			2115	772
			2116	773
			2117	773
			2118	774
			2119	774
			2120	775
			2121	775
			2122	776
			2123	776
			2124	777
			2125	777
			2126	778
			2127	778
			2128	779
			2129	779
			2130	780
			2131	780
			2131	781
			2132	781
			2133	782
			2134	782
			2135	783
			2136	783
			2137	784
			2138	784
			2139	785
			2140	785
			2141	786
			2142	786
			2143	787
			2144	788
			2145	788
			2146	789
			2147	789
			2148	790
			2149	790
			2150	791
			2151	791
			2152	792
			2153	793
			2154	793
			2155	793
			2155	794
			2156	794
			2157	795
			2158	795
			2159	796
			2160	796
			2161	797
			2162	798
			2163	798
			2164	799
			2165	799
			2166	800
			2167	800
			2168	801
			2169	801
			2170	802
			2171	802
			2172	803
			2173	803
			2174	804
			2175	805
			2176	805
			2177	806
			2178	806
			2179	807
			2180	807
			2180	808
			2181	808
			2182	809
			2183	809
			2184	810
			2185	811
			2186	811
			2187	812
			2188	812
			2189	813
			2190	813
			2191	814
			2192	814
			2193	815
			2194	815
			2195	816
			2196	817
			2197	817
			2198	818
			2199	819
			2200	819
			2201	819
			2201	820
			2202	820
			2203	821
			2204	821
			2205	822
			2206	823
			2207	823
			2208	824
			2209	824
			2209	825
			2210	825
			2211	826
			2212	826
			2213	827
			2214	827
			2215	828
			2216	829
			2217	829
			2218	830
			2219	830
			2220	831
			2221	831
			2222	832
			2223	833
			2224	833
			2225	834
			2226	834
			2227	835
			2228	836
			2229	836
			2230	837
			2231	838
			2232	838
			2233	839
			2234	839
			2235	840
		</dorsal>
		<caudal_dors_ant type=matrix rownames=FALSE colnames=FALSE nrow=98 ncol=2 as.numeric=TRUE >
			2235	840
			2236	840
			2237	840
			2238	840
			2239	841
			2240	841
			2241	841
			2242	841
			2243	841
			2244	841
			2245	841
			2246	841
			2247	842
			2248	842
			2249	842
			2250	842
			2251	842
			2252	842
			2253	842
			2254	842
			2255	842
			2255	843
			2256	843
			2257	843
			2258	843
			2259	843
			2260	843
			2261	843
			2262	843
			2263	843
			2264	844
			2265	844
			2266	844
			2267	844
			2268	844
			2269	844
			2270	844
			2271	844
			2272	844
			2273	844
			2273	845
			2274	845
			2275	845
			2276	845
			2277	845
			2278	845
			2279	845
			2280	845
			2281	845
			2282	845
			2283	845
			2284	846
			2285	846
			2286	846
			2287	846
			2288	846
			2289	846
			2290	846
			2291	846
			2292	846
			2293	846
			2294	846
			2295	846
			2296	846
			2297	846
			2298	847
			2299	847
			2300	847
			2301	847
			2302	847
			2303	847
			2304	847
			2305	847
			2306	847
			2307	847
			2308	847
			2309	847
			2310	847
			2311	847
			2312	847
			2313	847
			2314	847
			2315	847
			2316	848
			2317	848
			2318	848
			2319	848
			2320	848
			2321	848
			2322	848
			2323	848
			2324	848
			2325	848
			2326	848
			2327	848
			2328	848
			2329	848
			2330	848
		</caudal_dors_ant>
		<caud_dors_post type=matrix rownames=FALSE colnames=FALSE nrow=95 ncol=2 as.numeric=TRUE >
			2330	848
			2331	848
			2332	848
			2333	848
			2334	848
			2335	848
			2336	848
			2337	848
			2338	848
			2339	848
			2340	848
			2341	848
			2342	848
			2343	848
			2344	848
			2345	848
			2346	848
			2347	848
			2348	848
			2349	848
			2350	848
			2351	848
			2352	848
			2353	848
			2354	848
			2355	848
			2356	848
			2357	848
			2358	847
			2359	847
			2360	847
			2361	847
			2362	847
			2363	847
			2364	847
			2365	847
			2366	847
			2367	847
			2368	847
			2369	847
			2370	847
			2371	847
			2372	847
			2373	847
			2374	847
			2375	847
			2376	847
			2377	847
			2378	847
			2379	847
			2380	847
			2381	847
			2382	847
			2383	847
			2384	847
			2385	847
			2386	847
			2387	847
			2388	847
			2389	847
			2390	847
			2391	847
			2392	847
			2393	847
			2394	847
			2395	847
			2396	847
			2397	847
			2398	847
			2399	847
			2400	847
			2401	847
			2402	847
			2403	847
			2404	847
			2405	847
			2406	847
			2407	847
			2408	847
			2409	847
			2410	847
			2411	847
			2412	847
			2413	847
			2414	847
			2415	847
			2416	847
			2417	847
			2418	847
			2419	847
			2420	847
			2421	847
			2422	847
			2423	847
			2424	847
		</caud_dors_post>
		<caud_vent_post type=matrix rownames=FALSE colnames=FALSE nrow=109 ncol=2 as.numeric=TRUE >
			2438	1127
			2437	1127
			2436	1127
			2435	1128
			2434	1128
			2433	1128
			2432	1128
			2431	1128
			2431	1129
			2430	1129
			2429	1129
			2428	1129
			2427	1129
			2426	1130
			2425	1130
			2424	1130
			2423	1130
			2422	1130
			2421	1131
			2420	1131
			2419	1131
			2418	1131
			2417	1131
			2416	1131
			2416	1132
			2415	1132
			2414	1132
			2413	1132
			2412	1132
			2411	1133
			2410	1133
			2409	1133
			2408	1133
			2407	1133
			2406	1133
			2405	1134
			2404	1134
			2403	1134
			2402	1134
			2401	1134
			2400	1134
			2399	1135
			2398	1135
			2397	1135
			2396	1135
			2395	1135
			2394	1135
			2393	1136
			2392	1136
			2391	1136
			2390	1136
			2389	1136
			2388	1136
			2387	1136
			2386	1137
			2385	1137
			2384	1137
			2383	1137
			2382	1137
			2381	1137
			2380	1137
			2379	1138
			2378	1138
			2377	1138
			2376	1138
			2375	1138
			2374	1138
			2373	1138
			2372	1138
			2371	1138
			2370	1139
			2369	1139
			2368	1139
			2367	1139
			2366	1139
			2365	1139
			2364	1139
			2363	1139
			2362	1139
			2361	1139
			2360	1140
			2359	1140
			2358	1140
			2357	1140
			2356	1140
			2355	1140
			2354	1140
			2353	1140
			2352	1140
			2351	1140
			2350	1140
			2349	1140
			2348	1140
			2347	1140
			2346	1140
			2346	1141
			2345	1141
			2344	1141
			2343	1141
			2342	1141
			2341	1141
			2340	1141
			2339	1141
			2338	1141
			2337	1141
			2336	1141
			2335	1141
			2334	1141
			2333	1141
		</caud_vent_post>
		<caudal_vent_ant type=matrix rownames=FALSE colnames=FALSE nrow=91 ncol=2 as.numeric=TRUE >
			2333	1141
			2332	1141
			2331	1141
			2330	1141
			2329	1140
			2328	1140
			2327	1140
			2326	1140
			2325	1140
			2324	1140
			2323	1140
			2322	1140
			2321	1140
			2320	1140
			2320	1139
			2319	1139
			2318	1139
			2317	1139
			2316	1139
			2315	1139
			2314	1139
			2313	1139
			2312	1139
			2311	1139
			2310	1138
			2309	1138
			2308	1138
			2307	1138
			2306	1138
			2305	1138
			2304	1138
			2303	1138
			2302	1138
			2301	1138
			2300	1138
			2300	1137
			2299	1137
			2298	1137
			2297	1137
			2296	1137
			2295	1137
			2294	1137
			2293	1137
			2292	1137
			2291	1137
			2290	1137
			2289	1137
			2288	1137
			2287	1136
			2286	1136
			2285	1136
			2284	1136
			2283	1136
			2282	1136
			2281	1136
			2280	1136
			2279	1136
			2278	1136
			2277	1136
			2276	1136
			2275	1136
			2274	1136
			2273	1136
			2272	1136
			2271	1136
			2270	1136
			2269	1136
			2268	1135
			2267	1135
			2266	1135
			2265	1135
			2264	1135
			2263	1135
			2262	1135
			2261	1135
			2260	1135
			2259	1135
			2258	1135
			2257	1135
			2256	1135
			2255	1135
			2254	1135
			2253	1135
			2252	1135
			2251	1135
			2250	1135
			2249	1135
			2248	1135
			2247	1135
			2246	1135
			2245	1135
		</caudal_vent_ant>
		<anal type=matrix rownames=FALSE colnames=FALSE nrow=668 ncol=2 as.numeric=TRUE >
			2245	1135
			2244	1135
			2243	1136
			2242	1137
			2241	1137
			2240	1138
			2239	1138
			2238	1139
			2237	1139
			2236	1140
			2235	1140
			2234	1140
			2234	1141
			2233	1141
			2232	1141
			2232	1142
			2231	1142
			2230	1142
			2229	1143
			2228	1143
			2227	1144
			2226	1145
			2225	1145
			2224	1145
			2223	1146
			2222	1146
			2221	1147
			2220	1147
			2219	1148
			2218	1148
			2217	1148
			2216	1149
			2215	1149
			2214	1150
			2213	1150
			2213	1151
			2212	1151
			2211	1151
			2211	1152
			2210	1152
			2209	1152
			2208	1153
			2207	1153
			2206	1154
			2205	1154
			2204	1154
			2203	1155
			2202	1155
			2201	1156
			2200	1156
			2199	1157
			2198	1157
			2197	1158
			2196	1158
			2195	1158
			2194	1159
			2193	1159
			2192	1160
			2191	1160
			2190	1161
			2189	1161
			2188	1162
			2187	1162
			2186	1162
			2185	1163
			2184	1163
			2183	1164
			2182	1164
			2181	1165
			2180	1165
			2179	1166
			2178	1166
			2177	1167
			2176	1167
			2175	1167
			2174	1168
			2173	1168
			2172	1169
			2171	1169
			2170	1169
			2169	1170
			2168	1170
			2167	1171
			2166	1171
			2165	1172
			2164	1172
			2163	1172
			2162	1173
			2161	1173
			2160	1174
			2159	1174
			2158	1175
			2157	1175
			2156	1175
			2155	1176
			2154	1176
			2153	1176
			2152	1177
			2151	1177
			2150	1178
			2149	1178
			2148	1179
			2147	1179
			2146	1179
			2145	1180
			2144	1180
			2143	1181
			2142	1181
			2141	1181
			2140	1182
			2139	1182
			2138	1182
			2138	1183
			2137	1183
			2136	1184
			2135	1184
			2134	1184
			2133	1185
			2132	1185
			2131	1186
			2130	1186
			2129	1187
			2128	1187
			2127	1187
			2126	1188
			2125	1188
			2124	1189
			2123	1189
			2122	1189
			2121	1190
			2120	1190
			2119	1191
			2118	1191
			2117	1191
			2116	1192
			2115	1192
			2114	1193
			2113	1193
			2112	1193
			2111	1194
			2110	1194
			2109	1194
			2108	1195
			2107	1195
			2106	1196
			2105	1196
			2104	1196
			2103	1197
			2102	1197
			2101	1198
			2100	1198
			2099	1198
			2099	1199
			2098	1199
			2097	1199
			2096	1200
			2095	1200
			2094	1200
			2093	1201
			2092	1201
			2091	1202
			2090	1202
			2089	1203
			2088	1203
			2087	1203
			2086	1204
			2085	1204
			2084	1205
			2083	1205
			2082	1205
			2081	1206
			2080	1206
			2079	1206
			2078	1207
			2077	1207
			2076	1208
			2075	1208
			2074	1208
			2074	1209
			2073	1209
			2072	1209
			2071	1210
			2070	1210
			2069	1210
			2068	1211
			2067	1211
			2066	1212
			2065	1212
			2064	1212
			2063	1213
			2062	1213
			2061	1214
			2060	1214
			2059	1214
			2058	1215
			2057	1215
			2056	1216
			2055	1216
			2054	1216
			2053	1217
			2052	1217
			2051	1218
			2050	1218
			2049	1218
			2048	1219
			2047	1219
			2046	1219
			2045	1220
			2044	1220
			2043	1221
			2042	1221
			2041	1221
			2040	1222
			2039	1222
			2038	1223
			2037	1223
			2036	1223
			2035	1224
			2034	1224
			2033	1225
			2032	1225
			2031	1225
			2030	1226
			2029	1226
			2028	1226
			2027	1227
			2026	1227
			2025	1228
			2024	1228
			2023	1228
			2022	1229
			2021	1229
			2020	1229
			2019	1230
			2018	1230
			2017	1231
			2016	1231
			2015	1232
			2014	1232
			2013	1232
			2012	1233
			2011	1233
			2010	1233
			2009	1234
			2008	1234
			2007	1234
			2006	1235
			2005	1235
			2004	1236
			2003	1236
			2002	1237
			2001	1237
			2000	1237
			1999	1238
			1998	1238
			1997	1238
			1996	1239
			1995	1239
			1994	1240
			1993	1240
			1992	1240
			1991	1241
			1990	1241
			1989	1241
			1988	1242
			1987	1242
			1986	1243
			1985	1243
			1984	1243
			1983	1244
			1982	1244
			1981	1245
			1980	1245
			1979	1245
			1978	1246
			1977	1246
			1976	1247
			1975	1247
			1974	1247
			1973	1248
			1972	1248
			1971	1248
			1970	1249
			1969	1249
			1968	1250
			1967	1250
			1966	1250
			1965	1251
			1964	1251
			1963	1251
			1962	1252
			1961	1252
			1960	1252
			1959	1253
			1958	1253
			1957	1253
			1956	1254
			1955	1254
			1954	1255
			1953	1255
			1952	1255
			1952	1256
			1951	1256
			1950	1256
			1949	1257
			1948	1257
			1947	1257
			1946	1258
			1945	1258
			1944	1258
			1943	1259
			1942	1259
			1941	1259
			1940	1260
			1939	1260
			1938	1261
			1937	1261
			1936	1261
			1935	1261
			1934	1262
			1933	1262
			1932	1262
			1931	1263
			1930	1263
			1929	1263
			1928	1264
			1927	1264
			1926	1264
			1925	1265
			1924	1265
			1923	1265
			1922	1266
			1921	1266
			1920	1267
			1919	1267
			1918	1267
			1917	1267
			1917	1268
			1916	1268
			1915	1268
			1914	1268
			1913	1269
			1912	1269
			1911	1270
			1910	1270
			1909	1270
			1908	1270
			1908	1271
			1907	1271
			1906	1271
			1905	1271
			1905	1272
			1904	1272
			1903	1272
			1902	1272
			1902	1273
			1901	1273
			1900	1273
			1899	1273
			1899	1274
			1898	1274
			1897	1274
			1896	1274
			1896	1275
			1895	1275
			1894	1275
			1893	1275
			1893	1276
			1892	1276
			1891	1276
			1890	1276
			1890	1277
			1889	1277
			1888	1277
			1887	1277
			1887	1278
			1886	1278
			1885	1278
			1884	1278
			1884	1279
			1883	1279
			1882	1279
			1881	1279
			1881	1280
			1880	1280
			1879	1280
			1878	1280
			1878	1281
			1877	1281
			1876	1281
			1875	1281
			1875	1282
			1874	1282
			1873	1282
			1872	1283
			1871	1283
			1870	1283
			1869	1284
			1868	1284
			1867	1284
			1866	1284
			1866	1285
			1865	1285
			1864	1285
			1863	1286
			1862	1286
			1861	1286
			1860	1287
			1859	1287
			1858	1287
			1857	1288
			1856	1288
			1855	1288
			1854	1289
			1853	1289
			1852	1289
			1851	1290
			1850	1290
			1849	1290
			1848	1291
			1847	1291
			1846	1291
			1845	1292
			1844	1292
			1843	1292
			1842	1293
			1841	1293
			1840	1293
			1839	1294
			1838	1294
			1837	1294
			1836	1295
			1835	1295
			1834	1295
			1833	1296
			1832	1296
			1831	1296
			1830	1297
			1829	1297
			1828	1297
			1827	1298
			1826	1298
			1825	1298
			1824	1299
			1823	1299
			1822	1299
			1821	1300
			1820	1300
			1819	1300
			1818	1301
			1817	1301
			1816	1301
			1815	1302
			1814	1302
			1813	1302
			1812	1303
			1811	1303
			1810	1303
			1809	1304
			1808	1304
			1807	1304
			1806	1305
			1805	1305
			1804	1305
			1803	1306
			1802	1306
			1801	1306
			1800	1307
			1799	1307
			1798	1307
			1797	1308
			1796	1308
			1795	1308
			1794	1309
			1793	1309
			1792	1309
			1791	1310
			1790	1310
			1789	1310
			1788	1311
			1787	1311
			1786	1311
			1785	1312
			1784	1312
			1783	1312
			1782	1313
			1781	1313
			1780	1313
			1779	1314
			1778	1314
			1777	1314
			1776	1315
			1775	1315
			1774	1315
			1773	1316
			1772	1316
			1771	1316
			1770	1317
			1769	1317
			1768	1317
			1767	1318
			1766	1318
			1765	1318
			1764	1319
			1763	1319
			1762	1319
			1761	1319
			1760	1320
			1759	1320
			1758	1321
			1757	1321
			1756	1321
			1755	1322
			1754	1322
			1753	1322
			1752	1323
			1751	1323
			1750	1323
			1749	1324
			1748	1324
			1747	1324
			1746	1325
			1745	1325
			1744	1325
			1743	1326
			1742	1326
			1741	1326
			1740	1326
			1739	1327
			1738	1327
			1737	1327
			1736	1328
			1735	1328
			1734	1329
			1733	1329
			1732	1329
			1731	1330
			1730	1330
			1729	1330
			1728	1330
			1727	1331
			1726	1331
			1725	1332
			1724	1332
			1723	1332
			1722	1332
			1721	1333
			1720	1333
			1719	1333
			1718	1334
			1717	1334
			1716	1334
			1715	1335
			1714	1335
			1713	1335
			1712	1336
			1711	1336
			1710	1337
			1709	1337
			1708	1337
			1707	1337
			1706	1338
			1705	1338
			1704	1338
			1703	1339
			1702	1339
			1701	1339
			1700	1340
			1699	1340
			1698	1340
			1697	1341
			1696	1341
			1695	1341
			1694	1342
			1693	1342
			1692	1342
			1691	1343
			1690	1343
			1689	1343
			1688	1343
			1688	1344
			1687	1344
			1686	1344
			1685	1345
			1684	1345
			1683	1345
			1682	1346
			1681	1346
			1680	1346
			1679	1346
			1678	1347
			1677	1347
			1676	1347
			1675	1348
			1674	1348
			1673	1349
			1672	1349
			1671	1349
			1670	1349
			1669	1350
			1668	1350
			1667	1350
			1666	1351
			1665	1351
			1664	1351
			1663	1352
			1662	1352
			1661	1352
			1660	1353
			1659	1353
			1658	1353
			1657	1354
			1656	1354
			1655	1354
			1654	1355
			1653	1355
			1652	1355
			1651	1356
			1650	1356
			1649	1356
			1648	1357
			1647	1357
			1646	1357
			1645	1357
			1645	1358
			1644	1358
			1643	1358
			1642	1358
			1641	1359
			1640	1359
			1639	1359
			1638	1360
			1637	1360
			1636	1360
			1635	1361
			1634	1361
			1633	1361
			1632	1362
			1631	1362
			1630	1362
			1629	1363
			1628	1363
			1627	1363
			1626	1364
			1625	1364
			1624	1364
			1623	1365
			1622	1365
			1621	1365
			1620	1366
			1619	1366
			1618	1366
			1617	1367
			1616	1367
			1615	1367
			1614	1367
			1613	1368
			1612	1368
			1611	1369
			1610	1369
			1609	1369
			1608	1369
			1608	1370
			1607	1370
			1606	1370
			1605	1370
			1604	1371
			1603	1371
		</anal>
		<ventral_body type=matrix rownames=FALSE colnames=FALSE nrow=1386 ncol=2 as.numeric=TRUE >
			1603	1371
			1602	1371
			1601	1371
			1600	1372
			1599	1372
			1598	1372
			1597	1372
			1596	1373
			1595	1373
			1594	1373
			1593	1373
			1592	1374
			1591	1374
			1590	1374
			1589	1374
			1588	1375
			1587	1375
			1586	1375
			1585	1375
			1584	1376
			1583	1376
			1582	1376
			1581	1376
			1580	1377
			1579	1377
			1578	1377
			1577	1377
			1576	1378
			1575	1378
			1574	1378
			1573	1378
			1572	1379
			1571	1379
			1570	1379
			1569	1379
			1568	1380
			1567	1380
			1566	1380
			1565	1381
			1564	1381
			1563	1381
			1562	1381
			1561	1382
			1560	1382
			1559	1382
			1558	1382
			1557	1383
			1556	1383
			1555	1383
			1554	1383
			1554	1384
			1553	1384
			1552	1384
			1551	1384
			1550	1385
			1549	1385
			1548	1385
			1547	1385
			1546	1386
			1545	1386
			1544	1386
			1543	1387
			1542	1387
			1541	1387
			1540	1387
			1539	1388
			1538	1388
			1537	1388
			1536	1388
			1535	1389
			1534	1389
			1533	1389
			1532	1390
			1531	1390
			1530	1390
			1529	1390
			1528	1391
			1527	1391
			1526	1391
			1525	1392
			1524	1392
			1523	1392
			1522	1392
			1521	1393
			1520	1393
			1519	1393
			1518	1394
			1517	1394
			1516	1394
			1515	1394
			1514	1395
			1513	1395
			1512	1395
			1511	1396
			1510	1396
			1509	1396
			1508	1396
			1507	1397
			1506	1397
			1505	1397
			1504	1397
			1503	1398
			1502	1398
			1501	1398
			1500	1399
			1499	1399
			1498	1399
			1497	1399
			1496	1400
			1495	1400
			1494	1400
			1493	1401
			1492	1401
			1491	1401
			1490	1401
			1489	1402
			1488	1402
			1487	1402
			1486	1403
			1485	1403
			1484	1403
			1483	1404
			1482	1404
			1481	1404
			1480	1405
			1479	1405
			1478	1405
			1477	1405
			1476	1406
			1475	1406
			1474	1406
			1473	1407
			1472	1407
			1471	1407
			1470	1408
			1469	1408
			1468	1408
			1467	1409
			1466	1409
			1465	1409
			1464	1409
			1463	1410
			1462	1410
			1461	1410
			1460	1410
			1460	1411
			1459	1411
			1458	1411
			1457	1411
			1456	1412
			1455	1412
			1454	1412
			1453	1413
			1452	1413
			1451	1413
			1450	1414
			1449	1414
			1448	1414
			1447	1414
			1446	1415
			1445	1415
			1444	1415
			1443	1416
			1442	1416
			1441	1416
			1440	1417
			1439	1417
			1438	1417
			1437	1417
			1436	1418
			1435	1418
			1434	1418
			1433	1419
			1432	1419
			1431	1419
			1430	1420
			1429	1420
			1428	1420
			1427	1420
			1427	1421
			1426	1421
			1425	1421
			1424	1421
			1423	1421
			1422	1422
			1421	1422
			1420	1422
			1419	1422
			1418	1423
			1417	1423
			1416	1423
			1415	1423
			1414	1424
			1413	1424
			1412	1424
			1411	1424
			1410	1425
			1409	1425
			1408	1425
			1407	1425
			1406	1425
			1406	1426
			1405	1426
			1404	1426
			1403	1426
			1402	1426
			1402	1427
			1401	1427
			1400	1427
			1399	1427
			1398	1427
			1397	1428
			1396	1428
			1395	1428
			1394	1428
			1393	1429
			1392	1429
			1391	1429
			1390	1429
			1389	1430
			1388	1430
			1387	1430
			1386	1430
			1385	1431
			1384	1431
			1383	1431
			1382	1431
			1381	1431
			1380	1432
			1379	1432
			1378	1432
			1377	1432
			1376	1433
			1375	1433
			1374	1433
			1373	1433
			1372	1434
			1371	1434
			1370	1434
			1369	1434
			1368	1435
			1367	1435
			1366	1435
			1365	1435
			1364	1435
			1363	1436
			1362	1436
			1361	1436
			1360	1436
			1359	1437
			1358	1437
			1357	1437
			1356	1437
			1355	1438
			1354	1438
			1353	1438
			1352	1438
			1351	1439
			1350	1439
			1349	1439
			1348	1439
			1347	1439
			1346	1440
			1345	1440
			1344	1440
			1343	1441
			1342	1441
			1341	1441
			1340	1441
			1339	1441
			1338	1442
			1337	1442
			1336	1442
			1335	1442
			1334	1443
			1333	1443
			1332	1443
			1331	1443
			1330	1443
			1329	1444
			1328	1444
			1327	1444
			1326	1444
			1326	1445
			1325	1445
			1324	1445
			1323	1445
			1322	1445
			1321	1446
			1320	1446
			1319	1446
			1318	1446
			1317	1447
			1316	1447
			1315	1447
			1314	1447
			1313	1446
			1312	1446
			1311	1446
			1310	1445
			1309	1445
			1308	1445
			1307	1444
			1306	1444
			1305	1444
			1304	1443
			1303	1443
			1302	1443
			1301	1442
			1300	1442
			1299	1442
			1298	1441
			1297	1441
			1296	1441
			1295	1440
			1294	1440
			1293	1440
			1292	1439
			1291	1439
			1290	1439
			1289	1438
			1288	1438
			1287	1438
			1286	1437
			1285	1437
			1285	1436
			1284	1436
			1283	1436
			1282	1435
			1281	1435
			1280	1435
			1279	1434
			1278	1434
			1277	1434
			1276	1433
			1275	1433
			1274	1432
			1273	1432
			1272	1432
			1271	1431
			1270	1431
			1269	1431
			1268	1430
			1267	1430
			1266	1429
			1265	1429
			1264	1429
			1263	1428
			1262	1428
			1261	1427
			1260	1427
			1259	1427
			1259	1426
			1258	1426
			1257	1425
			1256	1425
			1255	1425
			1254	1424
			1253	1424
			1252	1423
			1251	1423
			1250	1422
			1249	1422
			1248	1422
			1247	1421
			1246	1421
			1245	1420
			1244	1420
			1243	1419
			1242	1419
			1241	1419
			1240	1418
			1239	1418
			1238	1417
			1237	1417
			1236	1416
			1235	1416
			1234	1416
			1233	1415
			1232	1415
			1231	1414
			1230	1414
			1229	1414
			1228	1413
			1227	1413
			1227	1412
			1226	1412
			1225	1411
			1224	1411
			1223	1411
			1222	1410
			1221	1410
			1220	1409
			1219	1409
			1218	1409
			1218	1408
			1217	1408
			1216	1407
			1215	1407
			1214	1406
			1213	1406
			1212	1406
			1211	1405
			1210	1405
			1209	1404
			1208	1404
			1207	1403
			1206	1402
			1205	1402
			1204	1402
			1204	1401
			1203	1401
			1202	1401
			1202	1400
			1201	1400
			1200	1400
			1199	1399
			1198	1399
			1197	1398
			1196	1398
			1195	1397
			1194	1397
			1193	1397
			1193	1396
			1192	1396
			1191	1395
			1190	1395
			1189	1394
			1188	1394
			1187	1393
			1186	1393
			1185	1392
			1184	1392
			1183	1391
			1182	1391
			1181	1390
			1180	1390
			1179	1389
			1178	1389
			1177	1388
			1176	1388
			1175	1387
			1174	1387
			1173	1386
			1172	1386
			1171	1385
			1170	1385
			1169	1384
			1168	1383
			1167	1383
			1166	1382
			1165	1382
			1164	1381
			1163	1381
			1162	1380
			1161	1380
			1160	1379
			1159	1379
			1158	1378
			1157	1378
			1156	1377
			1155	1376
			1154	1376
			1153	1376
			1153	1375
			1152	1375
			1151	1375
			1151	1374
			1150	1374
			1149	1373
			1148	1373
			1147	1372
			1146	1372
			1145	1372
			1145	1371
			1144	1371
			1143	1370
			1142	1370
			1141	1369
			1140	1369
			1139	1368
			1138	1368
			1137	1367
			1136	1367
			1135	1366
			1134	1365
			1133	1365
			1132	1364
			1131	1364
			1131	1363
			1130	1363
			1129	1363
			1129	1362
			1128	1362
			1127	1362
			1127	1361
			1126	1361
			1125	1360
			1124	1360
			1123	1359
			1122	1359
			1121	1358
			1120	1358
			1119	1357
			1118	1356
			1117	1356
			1116	1355
			1115	1355
			1114	1354
			1113	1354
			1112	1353
			1111	1352
			1110	1352
			1109	1351
			1108	1351
			1107	1350
			1106	1350
			1105	1349
			1104	1348
			1103	1348
			1102	1347
			1101	1347
			1100	1346
			1099	1346
			1098	1345
			1097	1345
			1096	1344
			1095	1343
			1094	1343
			1093	1342
			1092	1342
			1091	1341
			1090	1340
			1089	1340
			1088	1339
			1087	1339
			1086	1338
			1085	1338
			1084	1337
			1083	1336
			1082	1336
			1081	1335
			1080	1335
			1079	1334
			1078	1333
			1077	1333
			1076	1332
			1075	1332
			1074	1331
			1073	1330
			1072	1330
			1071	1329
			1070	1329
			1069	1328
			1068	1327
			1067	1327
			1066	1326
			1065	1325
			1064	1325
			1063	1324
			1062	1324
			1061	1323
			1060	1322
			1059	1322
			1058	1321
			1057	1320
			1056	1320
			1055	1319
			1054	1319
			1053	1318
			1052	1317
			1051	1317
			1050	1316
			1049	1315
			1048	1315
			1047	1314
			1046	1313
			1045	1313
			1044	1312
			1043	1312
			1042	1311
			1041	1311
			1040	1310
			1039	1309
			1038	1309
			1037	1308
			1036	1307
			1035	1307
			1034	1306
			1033	1306
			1032	1305
			1031	1305
			1030	1304
			1030	1303
			1029	1303
			1028	1302
			1027	1302
			1026	1301
			1025	1301
			1024	1300
			1023	1299
			1022	1299
			1021	1298
			1020	1298
			1019	1297
			1018	1296
			1017	1295
			1016	1295
			1015	1294
			1014	1294
			1013	1293
			1012	1293
			1012	1292
			1011	1292
			1011	1291
			1010	1291
			1009	1290
			1008	1290
			1007	1289
			1006	1288
			1005	1288
			1004	1287
			1003	1287
			1002	1286
			1001	1285
			1000	1284
			999	1284
			998	1283
			997	1283
			996	1282
			995	1281
			994	1281
			993	1280
			992	1280
			991	1279
			990	1278
			989	1278
			988	1277
			987	1277
			986	1276
			985	1275
			984	1275
			983	1274
			982	1274
			981	1273
			980	1272
			979	1272
			978	1271
			977	1271
			976	1270
			975	1269
			974	1269
			973	1268
			972	1268
			971	1267
			970	1266
			969	1266
			968	1265
			967	1265
			966	1264
			965	1263
			964	1263
			963	1263
			963	1262
			962	1262
			961	1262
			961	1261
			960	1261
			959	1261
			959	1260
			958	1260
			958	1259
			957	1259
			956	1259
			956	1258
			955	1258
			954	1258
			954	1257
			953	1257
			952	1257
			952	1256
			951	1256
			951	1255
			950	1255
			949	1255
			949	1254
			948	1254
			947	1254
			947	1253
			946	1253
			945	1252
			944	1252
			943	1251
			942	1251
			941	1250
			940	1250
			940	1249
			939	1249
			938	1248
			937	1248
			936	1248
			936	1247
			935	1247
			934	1246
			933	1246
			932	1245
			931	1244
			930	1244
			929	1243
			928	1243
			927	1242
			926	1242
			925	1241
			924	1241
			923	1240
			922	1240
			921	1239
			920	1239
			919	1238
			918	1238
			917	1237
			916	1237
			915	1236
			914	1235
			913	1235
			912	1234
			911	1234
			910	1233
			909	1233
			908	1232
			907	1232
			906	1231
			905	1231
			904	1230
			903	1230
			902	1229
			901	1229
			900	1228
			899	1228
			898	1227
			897	1226
			896	1226
			895	1225
			894	1225
			893	1224
			892	1224
			891	1223
			890	1223
			889	1222
			888	1222
			887	1221
			886	1221
			885	1220
			884	1220
			883	1219
			882	1218
			881	1218
			880	1218
			879	1217
			878	1217
			877	1216
			876	1216
			875	1215
			874	1215
			873	1214
			872	1214
			871	1213
			870	1213
			869	1212
			868	1212
			867	1211
			866	1210
			865	1210
			864	1210
			864	1209
			863	1209
			862	1209
			862	1208
			861	1208
			860	1208
			860	1207
			859	1207
			858	1207
			858	1206
			857	1206
			856	1206
			855	1205
			854	1205
			853	1204
			852	1204
			851	1203
			850	1203
			849	1203
			849	1202
			848	1202
			847	1201
			846	1201
			845	1201
			845	1200
			844	1200
			843	1199
			842	1199
			841	1199
			840	1198
			839	1197
			838	1197
			837	1196
			836	1196
			835	1195
			834	1195
			833	1194
			832	1194
			831	1193
			830	1192
			829	1192
			828	1191
			827	1191
			826	1190
			825	1190
			824	1189
			823	1188
			822	1188
			821	1188
			821	1187
			820	1187
			819	1186
			818	1186
			817	1185
			816	1185
			815	1184
			814	1183
			813	1183
			812	1182
			811	1182
			810	1181
			809	1181
			808	1180
			807	1179
			806	1179
			805	1178
			804	1178
			804	1177
			803	1177
			802	1177
			801	1176
			800	1176
			799	1175
			798	1174
			797	1174
			796	1173
			795	1172
			794	1172
			793	1171
			792	1171
			791	1170
			790	1170
			789	1169
			788	1169
			787	1168
			786	1167
			785	1167
			784	1166
			783	1166
			782	1165
			781	1165
			780	1164
			779	1163
			778	1163
			777	1162
			776	1162
			776	1161
			775	1161
			774	1160
			773	1160
			772	1159
			771	1158
			770	1158
			769	1157
			768	1157
			767	1156
			766	1156
			765	1155
			764	1154
			763	1154
			762	1153
			761	1153
			760	1152
			759	1152
			758	1151
			757	1150
			756	1150
			755	1149
			754	1149
			753	1148
			752	1148
			751	1147
			750	1146
			749	1146
			748	1145
			747	1145
			747	1144
			746	1144
			745	1143
			744	1142
			743	1142
			742	1141
			741	1141
			740	1140
			739	1139
			738	1139
			737	1138
			736	1138
			735	1137
			734	1137
			733	1136
			732	1135
			731	1135
			730	1134
			729	1134
			728	1133
			727	1133
			726	1132
			725	1131
			724	1131
			723	1130
			722	1130
			721	1129
			720	1128
			719	1128
			718	1127
			717	1127
			716	1126
			716	1125
			715	1125
			714	1124
			713	1124
			712	1123
			711	1123
			710	1122
			709	1121
			708	1121
			707	1120
			706	1120
			705	1119
			704	1118
			703	1118
			702	1117
			701	1117
			700	1116
			699	1115
			698	1115
			697	1114
			696	1114
			695	1113
			694	1112
			693	1112
			692	1111
			691	1111
			690	1110
			689	1109
			688	1109
			687	1108
			686	1108
			685	1107
			684	1106
			683	1105
			682	1105
			681	1104
			680	1104
			680	1103
			679	1103
			678	1103
			678	1102
			677	1102
			676	1101
			675	1100
			674	1100
			673	1099
			672	1099
			672	1098
			671	1098
			670	1097
			669	1097
			668	1096
			667	1096
			666	1095
			665	1094
			664	1094
			663	1093
			662	1092
			661	1092
			660	1091
			659	1090
			658	1090
			657	1089
			656	1088
			655	1088
			654	1088
			653	1087
			652	1087
			651	1087
			650	1086
			649	1086
			648	1086
			647	1085
			646	1085
			645	1085
			644	1084
			643	1084
			642	1084
			641	1083
			640	1083
			639	1083
			638	1082
			637	1082
			636	1082
			635	1081
			634	1081
			633	1081
			632	1081
			631	1080
			630	1080
			629	1080
			628	1079
			627	1079
			626	1079
			625	1078
			624	1078
			623	1078
			622	1077
			621	1077
			620	1077
			619	1077
			618	1076
			617	1076
			616	1076
			615	1075
			614	1075
			613	1075
			612	1074
			611	1074
			610	1074
			609	1074
			608	1073
			607	1073
			606	1073
			605	1072
			604	1072
			603	1072
			602	1072
			601	1071
			600	1071
			599	1071
			598	1070
			597	1070
			596	1070
			595	1070
			594	1069
			593	1069
			592	1069
			591	1068
			590	1068
			589	1068
			588	1068
			587	1067
			586	1067
			585	1067
			584	1067
			583	1066
			582	1066
			581	1066
			580	1065
			579	1065
			578	1065
			577	1065
			576	1064
			575	1064
			574	1064
			573	1064
			572	1063
			571	1063
			570	1063
			569	1063
			568	1062
			567	1062
			566	1062
			565	1062
			564	1061
			563	1061
			562	1061
			561	1061
			560	1060
			559	1060
			558	1060
			557	1060
			556	1059
			555	1059
			554	1059
			553	1059
			552	1058
			551	1058
			550	1058
			549	1058
			548	1057
			547	1057
			546	1057
			545	1057
			544	1056
			543	1056
			542	1056
			541	1056
			540	1055
			539	1055
			538	1055
			537	1055
			536	1055
			535	1054
			534	1054
			533	1054
			532	1054
			531	1053
			530	1053
			529	1053
			528	1053
			527	1052
			526	1052
			525	1052
			524	1052
			523	1052
			522	1051
			521	1051
			520	1051
			519	1051
			518	1051
			517	1050
			516	1050
			515	1050
			514	1050
			513	1049
			512	1049
			511	1049
			510	1049
			509	1049
			508	1048
			507	1048
			506	1048
			505	1048
			504	1048
			503	1047
			502	1047
			501	1047
			500	1047
			499	1047
			498	1046
			497	1046
			496	1046
			495	1046
			494	1046
			493	1045
			492	1045
			491	1045
			490	1045
			489	1045
			488	1044
			487	1044
			486	1044
			485	1044
			484	1044
			483	1044
			482	1043
			481	1043
			480	1043
			479	1043
			478	1043
			477	1042
			476	1042
			475	1042
			474	1042
			473	1042
			472	1042
			471	1041
			470	1041
			469	1041
			468	1041
			467	1041
			466	1041
			465	1040
			464	1040
			463	1040
			462	1040
			461	1040
			460	1040
			459	1039
			458	1039
			457	1039
			456	1039
			455	1039
			454	1039
			453	1038
			452	1038
			451	1038
			450	1038
			449	1038
			448	1038
			447	1037
			446	1037
			445	1037
			444	1037
			443	1037
			442	1037
			441	1037
			440	1037
			439	1037
			438	1038
			437	1038
			436	1038
			435	1038
			434	1038
			433	1038
			432	1038
			431	1038
			430	1038
			429	1038
			428	1038
			427	1038
			426	1038
			425	1038
			424	1038
			423	1038
			422	1038
			421	1038
			420	1038
			419	1038
			418	1039
			417	1039
			416	1039
			415	1039
			414	1039
			413	1039
			412	1039
			411	1039
			410	1039
			409	1039
			408	1039
			407	1039
			406	1039
			405	1039
			404	1038
			403	1038
			402	1038
			401	1038
			400	1038
			399	1038
			398	1038
			397	1038
			396	1038
			395	1038
			394	1038
			393	1038
			392	1038
			391	1038
			390	1038
			389	1038
			388	1038
			387	1038
			386	1038
			385	1038
			384	1038
			383	1038
			382	1037
			381	1037
			380	1037
			379	1037
			378	1037
			377	1037
			376	1037
			375	1037
			374	1037
			373	1037
			372	1037
			371	1037
			370	1036
			369	1036
			368	1036
			367	1036
			366	1036
			365	1036
			364	1036
			363	1036
			362	1036
			361	1036
			360	1035
			359	1035
			358	1035
			357	1035
			356	1035
			355	1035
			354	1035
			353	1034
			352	1034
			351	1034
			350	1034
			349	1034
			348	1034
			347	1034
			346	1034
			345	1033
			344	1033
			343	1033
			342	1033
			341	1033
			340	1033
			339	1032
			338	1032
			337	1032
			336	1032
			335	1032
			334	1032
			333	1032
			332	1031
			331	1031
			330	1031
			329	1030
			328	1029
			327	1028
			326	1027
			325	1026
			324	1026
			323	1025
			323	1024
			322	1023
			321	1022
			321	1021
			320	1020
			319	1019
			318	1018
			318	1017
			317	1016
			317	1015
			316	1014
			316	1013
			315	1012
			315	1011
			315	1010
			314	1009
			314	1008
			313	1007
			313	1006
			313	1005
			312	1004
			312	1003
			312	1002
			312	1001
			311	1000
			311	999
			311	998
			311	997
			311	996
			310	996
			310	995
			310	994
			310	993
			310	992
			310	991
			310	990
			310	989
			309	988
			309	987
			309	986
			309	985
			309	984
			309	983
			309	982
			309	981
			309	980
			309	979
			309	978
			309	977
			309	976
			309	975
			309	974
			309	973
			309	972
			309	971
			309	970
			309	969
		</ventral_body>
		<operculum type=matrix rownames=FALSE colnames=FALSE nrow=75 ncol=2 as.numeric=TRUE >
			1024	1069
			1024	1068
			1024	1067
			1025	1066
			1025	1065
			1025	1064
			1026	1063
			1026	1062
			1026	1061
			1026	1060
			1027	1059
			1027	1058
			1027	1057
			1027	1056
			1027	1055
			1028	1055
			1028	1054
			1028	1053
			1028	1052
			1028	1051
			1029	1051
			1029	1050
			1029	1049
			1029	1048
			1029	1047
			1030	1046
			1030	1045
			1030	1044
			1031	1043
			1031	1042
			1031	1041
			1031	1040
			1032	1039
			1032	1038
			1032	1037
			1032	1036
			1033	1035
			1033	1034
			1033	1033
			1034	1032
			1034	1031
			1034	1030
			1034	1029
			1035	1028
			1035	1027
			1035	1026
			1036	1025
			1036	1024
			1036	1023
			1036	1022
			1037	1021
			1037	1020
			1037	1019
			1038	1018
			1038	1017
			1038	1016
			1039	1015
			1039	1014
			1039	1013
			1039	1012
			1040	1011
			1040	1010
			1040	1009
			1041	1008
			1041	1007
			1041	1006
			1042	1005
			1042	1004
			1042	1003
			1042	1002
			1043	1001
			1043	1000
			1043	999
			1044	998
			1044	997
		</operculum>
	</curves.pixel>
</shapes>

