<shapes type=list>
	<scaling type=logical names=FALSE length=1 as.numeric=FALSE >NA</scaling>
	<landmarks.pixel type=matrix rownames=TRUE colnames=FALSE nrow=15 ncol=2 as.numeric=TRUE >
		pectoral_dors	155	189
		pectoral_vent	155	220
		premax_post	31	193
		upper_jaw	23	186
		dorsal_ant	265	85
		dorsal_post	416	163
		caud_pedunc_dors	443	167
		caud_scale_dors	479	170
		caud_scale_vent	477	247
		caud_pedunc_vent	448	251
		anal_post	415	251
		anal_ant	268	294
		lower_jaw	21	190
		operc_vent	153	187
		oper_dor	160	159
	</landmarks.pixel>
	<curves.control type=list>
		<head type=matrix rownames=FALSE colnames=FALSE nrow=15 ncol=2 as.numeric=TRUE >
			23	186
			31	175
			47	165
			76	147
			93	134
			104	125
			121	108
			137	104
			148	99
			165	85
			183	74
			211	80
			244	82
			256	87
			265	85
		</head>
		<dorsal type=matrix rownames=FALSE colnames=FALSE nrow=5 ncol=2 as.numeric=TRUE >
			265	85
			296	89
			320	97
			366	130
			416	163
		</dorsal>
		<caudal_dors_ant type=matrix rownames=FALSE colnames=FALSE nrow=3 ncol=2 as.numeric=TRUE >
			416	163
			431	166
			443	167
		</caudal_dors_ant>
		<caud_dors_post type=matrix rownames=FALSE colnames=FALSE nrow=3 ncol=2 as.numeric=TRUE >
			443	167
			459	166
			479	170
		</caud_dors_post>
		<caud_vent_post type=matrix rownames=FALSE colnames=FALSE nrow=3 ncol=2 as.numeric=TRUE >
			477	247
			462	251
			448	251
		</caud_vent_post>
		<caudal_vent_ant type=matrix rownames=FALSE colnames=FALSE nrow=3 ncol=2 as.numeric=TRUE >
			448	251
			430	249
			415	251
		</caudal_vent_ant>
		<anal type=matrix rownames=FALSE colnames=FALSE nrow=7 ncol=2 as.numeric=TRUE >
			415	251
			387	261
			346	279
			320	289
			289	291
			278	291
			268	294
		</anal>
		<ventral_body type=matrix rownames=FALSE colnames=FALSE nrow=11 ncol=2 as.numeric=TRUE >
			268	294
			252	296
			228	299
			185	296
			143	283
			101	259
			82	246
			47	227
			24	211
			21	204
			21	190
		</ventral_body>
		<operculum type=matrix rownames=FALSE colnames=FALSE nrow=3 ncol=2 as.numeric=TRUE >
			153	187
			155	172
			160	159
		</operculum>
	</curves.control>
	<curves.pixel type=list>
		<head type=matrix rownames=FALSE colnames=FALSE nrow=267 ncol=2 as.numeric=TRUE >
			23	186
			23	185
			24	185
			24	184
			25	184
			25	183
			26	183
			26	182
			27	182
			27	181
			28	180
			29	179
			30	178
			31	177
			32	176
			33	175
			34	175
			35	174
			35	173
			36	173
			37	172
			38	171
			39	170
			40	169
			41	169
			42	168
			43	168
			44	167
			45	166
			46	165
			47	165
			48	164
			49	164
			50	163
			51	163
			52	162
			53	161
			54	161
			54	160
			55	160
			56	159
			57	159
			58	158
			59	158
			59	157
			60	157
			61	156
			62	156
			63	155
			64	154
			65	153
			66	153
			67	152
			68	152
			69	151
			70	150
			71	150
			71	149
			72	149
			73	148
			74	148
			75	147
			76	146
			77	146
			77	145
			78	145
			79	144
			80	144
			81	143
			82	142
			83	141
			84	141
			85	140
			86	139
			87	139
			87	138
			88	138
			89	137
			90	136
			91	136
			91	135
			92	135
			93	134
			94	133
			95	132
			96	131
			97	131
			98	130
			99	129
			100	128
			101	127
			102	126
			103	126
			103	125
			104	124
			105	124
			106	123
			106	122
			107	122
			108	121
			109	120
			109	119
			110	119
			111	118
			112	117
			113	116
			113	115
			114	115
			115	114
			116	113
			117	112
			118	111
			119	110
			120	109
			121	108
			122	108
			123	107
			124	107
			125	107
			126	107
			127	106
			128	106
			129	106
			130	106
			131	105
			132	105
			133	105
			134	104
			135	104
			136	104
			137	103
			138	103
			139	103
			140	102
			141	102
			142	101
			143	101
			144	101
			145	100
			146	100
			147	100
			148	99
			149	98
			150	97
			151	96
			152	96
			153	95
			154	94
			155	94
			155	93
			156	93
			157	92
			158	91
			159	91
			159	90
			160	89
			161	89
			162	88
			163	88
			163	87
			164	87
			165	86
			166	85
			167	85
			167	84
			168	84
			169	83
			170	83
			171	82
			171	81
			172	81
			173	80
			174	80
			175	79
			176	79
			176	78
			177	78
			178	77
			179	77
			180	76
			181	75
			182	74
			183	74
			184	74
			185	74
			186	75
			187	75
			188	75
			189	75
			190	75
			191	76
			192	76
			193	76
			194	76
			195	76
			196	76
			197	77
			198	77
			199	77
			200	77
			201	77
			202	77
			203	78
			204	78
			205	78
			206	78
			207	78
			208	78
			209	79
			210	79
			211	79
			212	79
			213	79
			214	79
			215	79
			216	79
			217	80
			218	80
			219	80
			220	80
			221	80
			222	80
			223	80
			224	80
			225	80
			226	81
			227	81
			228	81
			229	81
			230	81
			231	81
			232	81
			233	81
			234	81
			235	81
			236	81
			237	82
			238	82
			239	82
			240	82
			241	82
			242	82
			243	82
			244	82
			245	82
			245	83
			246	83
			247	83
			248	84
			249	84
			250	84
			251	84
			252	85
			253	85
			254	85
			255	85
			256	85
			257	85
			258	85
			258	86
			259	86
			260	86
			261	86
			262	85
			263	85
			264	85
			265	85
		</head>
		<dorsal type=matrix rownames=FALSE colnames=FALSE nrow=156 ncol=2 as.numeric=TRUE >
			265	85
			266	85
			267	85
			268	85
			269	86
			270	86
			271	86
			272	86
			273	86
			274	86
			275	86
			276	87
			277	87
			278	87
			279	87
			280	87
			281	87
			282	88
			283	88
			284	88
			285	88
			286	88
			287	88
			288	89
			289	89
			290	89
			291	89
			292	89
			292	90
			293	90
			294	90
			295	90
			296	90
			297	91
			298	91
			299	91
			300	91
			301	91
			302	92
			303	92
			304	92
			305	93
			306	93
			307	93
			308	93
			309	94
			310	94
			311	94
			312	94
			313	95
			314	95
			315	95
			316	96
			317	96
			318	96
			319	97
			320	97
			321	98
			322	98
			323	99
			324	100
			325	100
			326	101
			327	102
			328	102
			329	103
			330	104
			331	105
			332	106
			333	106
			334	107
			335	107
			335	108
			336	108
			337	109
			338	110
			339	111
			340	111
			341	112
			342	113
			343	113
			344	114
			345	115
			346	116
			347	116
			348	117
			349	118
			350	118
			351	119
			352	120
			353	121
			354	121
			355	122
			356	123
			357	123
			358	124
			359	124
			360	125
			361	126
			362	127
			363	127
			364	128
			365	129
			366	129
			367	130
			368	131
			369	131
			370	132
			371	133
			372	134
			373	134
			374	135
			375	135
			376	136
			377	137
			378	137
			379	138
			380	139
			381	140
			382	140
			383	141
			384	142
			385	142
			386	143
			387	143
			388	144
			389	145
			390	145
			391	146
			391	147
			392	147
			393	148
			394	149
			395	149
			396	150
			397	150
			398	151
			399	152
			400	152
			401	153
			402	154
			403	154
			404	155
			405	156
			406	156
			407	157
			408	157
			409	158
			410	159
			411	160
			412	160
			413	161
			414	161
			414	162
			415	162
			416	163
		</dorsal>
		<caudal_dors_ant type=matrix rownames=FALSE colnames=FALSE nrow=28 ncol=2 as.numeric=TRUE >
			416	163
			417	163
			418	163
			419	164
			420	164
			421	164
			422	164
			423	164
			424	165
			425	165
			426	165
			427	165
			428	165
			429	165
			430	165
			431	166
			432	166
			433	166
			434	166
			435	166
			436	166
			437	166
			438	167
			439	167
			440	167
			441	167
			442	167
			443	167
		</caudal_dors_ant>
		<caud_dors_post type=matrix rownames=FALSE colnames=FALSE nrow=37 ncol=2 as.numeric=TRUE >
			443	167
			444	167
			445	167
			446	167
			447	167
			448	167
			449	167
			450	167
			451	167
			452	167
			453	167
			454	167
			455	167
			456	167
			457	167
			458	167
			459	167
			460	167
			461	167
			462	167
			463	168
			464	168
			465	168
			466	168
			467	168
			468	168
			469	168
			470	168
			471	169
			472	169
			473	169
			474	169
			475	169
			476	169
			477	170
			478	170
			479	170
		</caud_dors_post>
		<caud_vent_post type=matrix rownames=FALSE colnames=FALSE nrow=30 ncol=2 as.numeric=TRUE >
			477	247
			476	247
			475	248
			474	248
			473	248
			472	248
			471	248
			470	249
			469	249
			468	249
			467	249
			466	249
			465	250
			464	250
			463	250
			462	250
			461	250
			460	250
			459	250
			458	251
			457	251
			456	251
			455	251
			454	251
			453	251
			452	251
			451	251
			450	251
			449	251
			448	251
		</caud_vent_post>
		<caudal_vent_ant type=matrix rownames=FALSE colnames=FALSE nrow=34 ncol=2 as.numeric=TRUE >
			448	251
			447	251
			446	251
			445	251
			444	251
			443	250
			442	250
			441	250
			440	250
			439	250
			438	250
			437	250
			436	250
			435	250
			434	250
			433	250
			432	250
			431	250
			430	250
			429	250
			428	250
			427	250
			426	250
			425	250
			424	250
			423	250
			422	250
			421	250
			420	250
			419	251
			418	251
			417	251
			416	251
			415	251
		</caudal_vent_ant>
		<anal type=matrix rownames=FALSE colnames=FALSE nrow=149 ncol=2 as.numeric=TRUE >
			415	251
			414	251
			413	252
			412	252
			411	253
			410	253
			409	253
			408	254
			407	254
			406	254
			405	255
			404	255
			403	256
			402	256
			401	256
			400	257
			399	257
			398	258
			397	258
			396	258
			395	259
			394	259
			393	259
			392	260
			391	260
			390	260
			390	261
			389	261
			388	261
			387	262
			386	262
			385	263
			384	263
			383	263
			382	264
			381	264
			380	265
			379	265
			378	266
			377	266
			376	266
			375	267
			374	267
			373	267
			372	268
			371	268
			370	269
			369	269
			368	270
			367	270
			366	270
			365	271
			364	271
			363	272
			362	272
			361	272
			360	273
			359	273
			358	274
			357	274
			356	275
			355	275
			354	275
			353	276
			352	276
			351	277
			350	277
			349	278
			348	278
			347	278
			346	279
			345	279
			344	280
			343	280
			342	281
			341	281
			340	281
			339	281
			338	282
			337	282
			336	283
			335	283
			334	283
			333	283
			332	284
			331	284
			330	284
			329	285
			328	285
			327	285
			326	285
			325	286
			324	286
			323	286
			322	286
			321	287
			320	287
			319	287
			318	287
			317	287
			316	288
			315	288
			314	288
			313	288
			312	288
			311	288
			310	289
			309	289
			308	289
			307	289
			306	289
			305	289
			304	290
			303	290
			302	290
			301	290
			300	290
			299	290
			298	290
			297	290
			296	290
			295	291
			294	291
			293	291
			292	291
			291	291
			290	291
			289	291
			288	291
			287	291
			286	291
			285	291
			284	291
			283	291
			282	291
			281	291
			280	292
			279	292
			278	292
			277	292
			276	292
			275	292
			274	293
			273	293
			272	293
			271	293
			270	293
			269	294
			268	294
		</anal>
		<ventral_body type=matrix rownames=FALSE colnames=FALSE nrow=278 ncol=2 as.numeric=TRUE >
			268	294
			267	294
			266	294
			265	294
			264	295
			263	295
			262	295
			261	295
			260	295
			259	295
			258	295
			257	295
			256	296
			255	296
			254	296
			253	296
			252	296
			251	296
			250	296
			249	296
			248	296
			247	297
			246	297
			245	297
			244	297
			243	297
			242	297
			241	297
			240	298
			239	298
			238	298
			237	298
			236	298
			235	298
			234	298
			233	298
			232	299
			231	299
			230	299
			229	299
			228	299
			227	299
			226	299
			225	299
			224	299
			223	299
			222	299
			222	298
			221	298
			220	298
			219	298
			218	298
			217	298
			216	298
			215	298
			214	298
			213	298
			212	298
			211	297
			210	297
			209	297
			208	297
			207	297
			206	297
			205	297
			204	297
			203	296
			202	296
			201	296
			200	296
			199	296
			198	296
			197	296
			196	295
			195	295
			194	295
			193	295
			192	295
			191	295
			190	294
			189	294
			188	294
			187	294
			186	294
			185	293
			184	293
			183	293
			182	293
			181	293
			180	292
			179	292
			178	292
			177	292
			176	292
			175	291
			174	291
			173	291
			172	291
			171	291
			170	290
			169	290
			168	290
			167	290
			166	289
			165	289
			164	289
			163	289
			162	288
			161	288
			160	288
			159	288
			158	287
			157	287
			156	287
			155	287
			154	286
			153	286
			152	286
			151	285
			150	285
			149	285
			148	285
			147	284
			146	284
			145	284
			144	283
			143	283
			142	283
			141	282
			140	281
			139	281
			138	280
			137	279
			136	279
			135	278
			134	278
			133	277
			132	277
			132	276
			131	276
			130	276
			129	275
			128	275
			128	274
			127	274
			126	273
			125	273
			125	272
			124	272
			123	272
			123	271
			122	271
			121	270
			120	270
			120	269
			119	269
			118	269
			118	268
			117	268
			116	267
			115	267
			114	266
			113	265
			112	265
			111	264
			110	264
			109	263
			108	263
			107	262
			106	261
			105	261
			104	260
			103	259
			102	259
			101	258
			100	258
			99	257
			98	256
			97	256
			96	255
			95	255
			94	254
			93	253
			92	252
			91	252
			90	251
			89	251
			88	250
			87	249
			86	249
			85	248
			84	248
			83	247
			83	246
			82	246
			81	245
			80	245
			79	244
			78	244
			77	243
			76	243
			75	242
			74	241
			73	241
			72	240
			71	240
			70	239
			69	239
			68	238
			67	238
			66	237
			65	236
			64	236
			63	235
			62	235
			61	234
			60	234
			59	233
			58	233
			57	232
			56	232
			56	231
			55	231
			54	230
			53	229
			52	229
			51	228
			50	228
			49	227
			48	227
			48	226
			47	226
			46	225
			45	225
			44	224
			43	224
			43	223
			42	223
			41	222
			40	222
			39	221
			38	220
			37	220
			36	219
			35	218
			34	218
			33	217
			32	217
			31	216
			30	215
			29	214
			28	213
			27	213
			26	212
			25	211
			24	211
			24	210
			23	210
			23	209
			23	208
			23	207
			22	206
			22	205
			22	204
			22	203
			22	202
			22	201
			21	200
			21	199
			21	198
			21	197
			21	196
			21	195
			21	194
			21	193
			21	192
			21	191
			21	190
		</ventral_body>
		<operculum type=matrix rownames=FALSE colnames=FALSE nrow=30 ncol=2 as.numeric=TRUE >
			153	187
			153	186
			153	185
			153	184
			154	183
			154	182
			154	181
			154	180
			154	179
			155	178
			155	177
			155	176
			155	175
			155	174
			156	173
			156	172
			156	171
			156	170
			157	169
			157	168
			157	167
			157	166
			158	165
			158	164
			158	163
			159	163
			159	162
			159	161
			160	160
			160	159
		</operculum>
	</curves.pixel>
</shapes>

