<shapes type=list>
	<scaling type=logical names=FALSE length=1 as.numeric=FALSE >NA</scaling>
	<landmarks.pixel type=matrix rownames=TRUE colnames=FALSE nrow=15 ncol=2 as.numeric=TRUE >
		pectoral_dors	584	781
		pectoral_vent	588	863
		premax_post	153	648
		upper_jaw	123	614
		dorsal_ant	964	465
		dorsal_post	1389	662
		caud_pedunc_dors	1423	695
		caud_scale_dors	1489	681
		caud_scale_vent	1464	893
		caud_pedunc_vent	1432	877
		anal_post	1376	899
		anal_ant	1000	1057
		lower_jaw	117	633
		operc_vent	533	796
		oper_dor	577	727
	</landmarks.pixel>
	<curves.control type=list>
		<head type=matrix rownames=FALSE colnames=FALSE nrow=13 ncol=2 as.numeric=TRUE >
			123	614
			155	593
			236	568
			326	555
			375	502
			447	447
			493	424
			560	421
			630	453
			751	462
			857	474
			907	478
			964	465
		</head>
		<dorsal type=matrix rownames=FALSE colnames=FALSE nrow=5 ncol=2 as.numeric=TRUE >
			964	465
			1044	483
			1164	525
			1297	594
			1389	662
		</dorsal>
		<caudal_dors_ant type=matrix rownames=FALSE colnames=FALSE nrow=3 ncol=2 as.numeric=TRUE >
			1389	662
			1404	678
			1423	695
		</caudal_dors_ant>
		<caud_dors_post type=matrix rownames=FALSE colnames=FALSE nrow=3 ncol=2 as.numeric=TRUE >
			1423	695
			1453	686
			1489	681
		</caud_dors_post>
		<caud_vent_post type=matrix rownames=FALSE colnames=FALSE nrow=3 ncol=2 as.numeric=TRUE >
			1464	893
			1446	884
			1432	877
		</caud_vent_post>
		<caudal_vent_ant type=matrix rownames=FALSE colnames=FALSE nrow=3 ncol=2 as.numeric=TRUE >
			1432	877
			1401	887
			1376	899
		</caudal_vent_ant>
		<anal type=matrix rownames=FALSE colnames=FALSE nrow=5 ncol=2 as.numeric=TRUE >
			1376	899
			1252	964
			1166	997
			1077	1026
			1000	1057
		</anal>
		<ventral_body type=matrix rownames=FALSE colnames=FALSE nrow=23 ncol=2 as.numeric=TRUE >
			1000	1057
			970	1063
			925	1105
			854	1170
			787	1194
			764	1211
			712	1226
			683	1220
			650	1196
			588	1152
			505	1080
			454	1014
			394	973
			328	925
			295	880
			247	818
			212	776
			173	749
			146	726
			128	717
			116	681
			111	648
			117	633
		</ventral_body>
		<operculum type=matrix rownames=FALSE colnames=FALSE nrow=3 ncol=2 as.numeric=TRUE >
			533	796
			551	759
			577	727
		</operculum>
	</curves.control>
	<curves.pixel type=list>
		<head type=matrix rownames=FALSE colnames=FALSE nrow=874 ncol=2 as.numeric=TRUE >
			123	614
			124	613
			125	613
			126	612
			127	612
			127	611
			128	611
			129	610
			130	609
			131	609
			132	608
			133	608
			134	607
			135	607
			136	606
			137	606
			138	605
			139	605
			140	604
			141	604
			142	603
			143	603
			144	602
			145	602
			146	601
			147	601
			148	600
			149	600
			150	599
			151	599
			152	599
			153	598
			154	598
			155	597
			156	597
			157	596
			158	596
			159	595
			160	595
			161	595
			161	594
			162	594
			163	594
			164	593
			165	593
			166	592
			167	592
			168	592
			169	591
			170	591
			171	590
			172	590
			173	590
			174	589
			175	589
			176	588
			177	588
			178	588
			179	587
			180	587
			181	587
			181	586
			182	586
			183	586
			184	586
			185	585
			186	585
			187	584
			188	584
			189	584
			190	583
			191	583
			192	582
			193	582
			194	582
			195	581
			196	581
			197	581
			198	580
			199	580
			200	580
			201	579
			202	579
			203	579
			204	578
			205	578
			206	578
			207	577
			208	577
			209	577
			210	576
			211	576
			212	576
			213	575
			214	575
			215	575
			216	574
			217	574
			218	574
			219	573
			220	573
			221	573
			222	572
			223	572
			224	572
			225	571
			226	571
			227	571
			228	571
			229	570
			230	570
			231	570
			232	569
			233	569
			234	569
			235	568
			236	568
			237	568
			238	568
			239	568
			240	567
			241	567
			242	567
			243	567
			244	567
			245	567
			246	566
			247	566
			248	566
			249	566
			250	566
			251	565
			252	565
			253	565
			254	565
			255	565
			256	565
			257	564
			258	564
			259	564
			260	564
			261	564
			261	563
			262	563
			263	563
			264	563
			265	562
			266	562
			267	562
			268	562
			269	562
			270	561
			271	561
			272	561
			273	561
			273	560
			274	560
			275	560
			276	560
			277	559
			278	559
			279	559
			280	559
			281	558
			282	558
			283	558
			284	557
			285	557
			286	557
			287	556
			288	556
			289	556
			290	555
			291	555
			292	555
			293	554
			294	554
			295	554
			296	553
			297	553
			298	552
			299	552
			300	552
			301	551
			302	551
			303	550
			304	550
			305	550
			306	549
			307	549
			308	548
			309	548
			310	548
			311	547
			312	547
			313	546
			314	546
			315	545
			316	545
			317	544
			318	544
			319	543
			320	543
			321	542
			322	542
			323	542
			324	541
			325	541
			326	540
			327	539
			328	538
			329	538
			330	538
			330	537
			331	537
			332	537
			332	536
			333	536
			334	535
			335	535
			336	534
			337	533
			338	533
			339	532
			340	532
			340	531
			341	531
			342	530
			343	530
			343	529
			344	529
			345	528
			346	527
			347	527
			348	526
			349	525
			350	525
			350	524
			351	524
			352	523
			353	522
			354	522
			355	521
			355	520
			356	520
			357	519
			358	518
			359	518
			359	517
			360	516
			361	516
			362	515
			363	514
			364	513
			365	512
			366	511
			367	510
			368	509
			369	509
			369	508
			370	507
			371	506
			372	505
			373	504
			374	503
			375	502
			376	501
			377	501
			378	500
			379	499
			380	498
			381	498
			382	497
			382	496
			383	496
			384	495
			385	495
			385	494
			386	494
			387	493
			388	492
			389	491
			390	491
			391	490
			392	490
			392	489
			393	488
			394	488
			395	487
			396	486
			397	486
			397	485
			398	485
			399	484
			400	483
			401	483
			402	482
			402	481
			403	481
			404	480
			405	480
			406	479
			407	478
			408	477
			409	477
			410	476
			411	475
			412	475
			413	474
			414	473
			415	472
			416	472
			417	471
			418	470
			419	470
			420	469
			421	468
			422	468
			423	467
			424	467
			424	466
			425	465
			426	465
			427	464
			428	463
			429	463
			430	462
			431	461
			432	461
			433	460
			434	460
			434	459
			435	458
			436	458
			437	457
			438	457
			439	456
			440	455
			441	455
			442	454
			443	453
			444	452
			445	452
			446	451
			447	450
			448	450
			449	449
			450	449
			451	448
			452	448
			452	447
			453	447
			454	447
			454	446
			455	446
			455	445
			456	445
			457	444
			458	444
			459	443
			460	442
			461	442
			462	442
			462	441
			463	441
			464	440
			465	440
			466	439
			467	438
			468	438
			469	437
			470	437
			470	436
			471	436
			472	435
			473	435
			474	434
			475	434
			476	433
			477	433
			478	432
			479	431
			480	431
			481	430
			482	430
			483	429
			484	428
			485	428
			486	427
			487	427
			488	427
			488	426
			489	426
			490	426
			490	425
			491	425
			492	424
			493	424
			494	424
			495	424
			496	424
			497	424
			498	424
			499	424
			500	424
			501	424
			502	424
			503	424
			504	424
			505	424
			506	424
			507	424
			508	424
			509	424
			510	424
			511	424
			512	424
			513	424
			514	424
			515	424
			516	424
			517	424
			518	424
			519	424
			520	424
			521	424
			522	424
			523	424
			524	424
			525	425
			526	425
			527	425
			528	425
			529	425
			530	425
			531	425
			532	425
			533	425
			534	425
			535	426
			536	426
			537	426
			538	426
			539	426
			540	426
			541	426
			542	426
			543	427
			544	427
			545	427
			546	427
			547	427
			548	427
			549	428
			550	428
			551	428
			552	428
			553	428
			554	428
			555	429
			556	429
			557	429
			558	429
			559	429
			560	430
			561	430
			562	430
			563	430
			564	431
			565	431
			566	431
			567	431
			568	431
			569	432
			570	432
			571	432
			572	432
			573	433
			574	433
			575	433
			576	433
			577	434
			578	434
			579	434
			580	434
			581	435
			582	435
			583	435
			583	436
			584	436
			585	436
			586	436
			587	437
			588	437
			589	437
			590	437
			591	438
			592	438
			593	439
			594	439
			595	439
			596	439
			596	440
			597	440
			598	440
			599	440
			600	441
			601	441
			602	441
			603	442
			604	442
			605	443
			606	443
			607	443
			608	444
			609	444
			610	444
			611	445
			612	445
			613	446
			614	446
			615	447
			616	447
			617	447
			618	448
			619	448
			620	448
			620	449
			621	449
			622	449
			623	450
			624	450
			624	451
			625	451
			626	451
			627	452
			628	452
			629	453
			630	453
			631	453
			632	453
			633	453
			634	453
			635	453
			636	453
			637	454
			638	454
			639	454
			640	454
			641	454
			642	454
			643	454
			644	454
			645	454
			646	454
			647	454
			648	454
			649	454
			650	455
			651	455
			652	455
			653	455
			654	455
			655	455
			656	455
			657	455
			658	455
			659	455
			660	455
			661	455
			662	455
			663	456
			664	456
			665	456
			666	456
			667	456
			668	456
			669	456
			670	456
			671	456
			672	456
			673	456
			674	456
			675	456
			676	457
			677	457
			678	457
			679	457
			680	457
			681	457
			682	457
			683	457
			684	457
			685	457
			686	457
			687	457
			688	458
			689	458
			690	458
			691	458
			692	458
			693	458
			694	458
			695	458
			696	458
			697	458
			698	458
			699	458
			700	459
			701	459
			702	459
			703	459
			704	459
			705	459
			706	459
			707	459
			708	459
			709	459
			710	459
			711	460
			712	460
			713	460
			714	460
			715	460
			716	460
			717	460
			718	460
			719	460
			720	460
			721	460
			722	460
			723	461
			724	461
			725	461
			726	461
			727	461
			728	461
			729	461
			730	461
			731	461
			732	461
			733	461
			734	462
			735	462
			736	462
			737	462
			738	462
			739	462
			740	462
			741	462
			742	462
			743	462
			744	462
			745	463
			746	463
			747	463
			748	463
			749	463
			750	463
			751	463
			752	463
			753	463
			754	463
			755	463
			756	464
			757	464
			758	464
			759	464
			760	464
			761	464
			762	464
			763	464
			764	464
			765	464
			766	465
			767	465
			768	465
			769	465
			770	465
			771	465
			772	465
			773	465
			774	465
			775	465
			776	465
			777	466
			778	466
			779	466
			780	466
			781	466
			782	466
			783	466
			784	466
			785	466
			786	466
			787	467
			788	467
			789	467
			790	467
			791	467
			792	467
			793	467
			794	467
			795	467
			796	467
			797	468
			798	468
			799	468
			800	468
			801	468
			802	468
			803	468
			804	468
			805	468
			806	468
			807	469
			808	469
			809	469
			810	469
			811	469
			812	469
			813	469
			814	469
			815	469
			816	470
			817	470
			818	470
			819	470
			820	470
			821	470
			822	470
			823	470
			824	470
			825	471
			826	471
			827	471
			828	471
			829	471
			830	471
			831	471
			832	471
			833	471
			834	471
			835	472
			836	472
			837	472
			838	472
			839	472
			840	472
			841	472
			842	472
			843	472
			844	473
			845	473
			846	473
			847	473
			848	473
			849	473
			850	473
			851	473
			852	473
			853	474
			854	474
			855	474
			856	474
			857	474
			858	474
			859	474
			860	474
			861	474
			862	474
			863	474
			864	475
			865	475
			866	475
			867	475
			868	475
			869	475
			870	475
			871	475
			872	475
			873	475
			874	475
			875	475
			876	475
			877	475
			878	475
			879	475
			880	475
			881	475
			882	475
			883	475
			884	475
			885	475
			886	475
			887	475
			888	475
			889	475
			890	475
			891	475
			892	475
			893	475
			894	475
			895	475
			896	475
			897	475
			898	474
			899	474
			900	474
			901	474
			902	474
			903	474
			904	474
			905	474
			906	474
			907	474
			908	474
			909	474
			910	474
			911	474
			912	473
			913	473
			914	473
			915	473
			916	473
			917	473
			918	473
			919	473
			920	473
			921	472
			922	472
			923	472
			924	472
			925	472
			926	472
			927	472
			928	472
			929	472
			930	471
			931	471
			932	471
			933	471
			934	471
			935	471
			936	470
			937	470
			938	470
			939	470
			940	470
			941	470
			942	470
			942	469
			943	469
			944	469
			945	469
			946	469
			947	469
			948	468
			949	468
			950	468
			951	468
			952	468
			953	467
			954	467
			955	467
			956	467
			957	467
			958	466
			959	466
			960	466
			961	466
			962	466
			963	465
			964	465
		</head>
		<dorsal type=matrix rownames=FALSE colnames=FALSE nrow=440 ncol=2 as.numeric=TRUE >
			964	465
			965	465
			966	465
			967	466
			968	466
			969	466
			970	466
			971	467
			972	467
			973	467
			974	467
			975	468
			976	468
			977	468
			978	468
			979	469
			980	469
			981	469
			982	469
			983	470
			984	470
			985	470
			986	470
			987	470
			988	471
			989	471
			990	471
			991	471
			992	472
			993	472
			994	472
			995	472
			996	473
			997	473
			998	473
			999	473
			1000	474
			1001	474
			1002	474
			1003	475
			1004	475
			1005	475
			1006	475
			1007	476
			1008	476
			1009	476
			1010	476
			1011	477
			1012	477
			1013	477
			1014	478
			1015	478
			1016	478
			1017	478
			1018	479
			1019	479
			1020	479
			1021	480
			1022	480
			1023	480
			1024	480
			1025	481
			1026	481
			1027	481
			1028	481
			1029	482
			1030	482
			1031	482
			1032	483
			1033	483
			1034	483
			1035	483
			1035	484
			1036	484
			1037	484
			1038	484
			1039	484
			1039	485
			1040	485
			1041	485
			1042	485
			1042	486
			1043	486
			1044	486
			1045	486
			1046	487
			1047	487
			1048	487
			1049	488
			1050	488
			1051	488
			1052	488
			1053	489
			1054	489
			1055	489
			1056	489
			1057	490
			1058	490
			1059	491
			1060	491
			1061	491
			1062	491
			1063	492
			1064	492
			1065	492
			1066	493
			1067	493
			1068	493
			1069	494
			1070	494
			1071	494
			1072	495
			1073	495
			1074	495
			1075	496
			1076	496
			1077	496
			1078	497
			1079	497
			1080	497
			1081	497
			1082	498
			1083	498
			1084	498
			1085	499
			1086	499
			1087	499
			1088	500
			1089	500
			1090	500
			1091	500
			1092	501
			1093	501
			1094	501
			1095	502
			1096	502
			1097	503
			1098	503
			1099	503
			1100	503
			1101	504
			1102	504
			1103	504
			1104	505
			1105	505
			1106	505
			1107	506
			1108	506
			1109	506
			1110	507
			1111	507
			1112	507
			1113	508
			1114	508
			1115	508
			1116	509
			1117	509
			1118	509
			1119	510
			1120	510
			1121	510
			1122	511
			1123	511
			1124	511
			1125	512
			1126	512
			1127	512
			1128	513
			1129	513
			1130	513
			1131	514
			1132	514
			1133	514
			1134	515
			1135	515
			1136	515
			1137	516
			1138	516
			1139	516
			1140	517
			1141	517
			1142	517
			1143	518
			1144	518
			1145	518
			1146	519
			1147	519
			1148	519
			1149	520
			1150	520
			1151	521
			1152	521
			1153	521
			1154	522
			1155	522
			1156	522
			1157	523
			1158	523
			1159	523
			1160	524
			1161	524
			1162	524
			1163	525
			1164	525
			1165	526
			1166	526
			1167	526
			1168	527
			1169	528
			1170	528
			1171	529
			1172	529
			1173	530
			1174	530
			1175	531
			1176	531
			1177	532
			1178	532
			1179	533
			1180	533
			1181	534
			1182	535
			1183	535
			1184	536
			1185	536
			1186	537
			1187	537
			1188	538
			1189	538
			1190	539
			1191	539
			1192	540
			1193	540
			1194	541
			1195	541
			1196	542
			1197	542
			1198	543
			1199	543
			1200	544
			1201	544
			1202	545
			1203	545
			1204	546
			1205	547
			1206	548
			1207	548
			1208	548
			1209	549
			1210	549
			1211	550
			1212	551
			1213	551
			1214	552
			1215	552
			1216	553
			1217	553
			1218	554
			1219	555
			1220	555
			1221	556
			1222	556
			1223	557
			1224	557
			1225	558
			1226	558
			1227	559
			1228	559
			1229	560
			1230	560
			1231	561
			1232	562
			1233	562
			1234	563
			1235	563
			1235	564
			1236	564
			1237	565
			1238	565
			1239	566
			1240	566
			1241	567
			1242	567
			1243	568
			1244	569
			1245	569
			1246	570
			1247	570
			1248	571
			1249	571
			1250	572
			1251	572
			1252	573
			1253	574
			1254	575
			1255	575
			1256	575
			1256	576
			1257	576
			1258	577
			1259	577
			1260	578
			1261	579
			1262	579
			1263	579
			1264	580
			1265	581
			1266	581
			1267	582
			1268	583
			1269	583
			1270	584
			1271	584
			1272	585
			1273	585
			1274	586
			1275	586
			1276	587
			1276	588
			1277	588
			1278	589
			1279	589
			1280	590
			1281	590
			1282	591
			1283	591
			1284	592
			1285	593
			1286	593
			1287	594
			1288	594
			1288	595
			1289	595
			1290	596
			1291	596
			1292	597
			1293	598
			1294	598
			1295	599
			1296	599
			1297	600
			1298	600
			1298	601
			1299	601
			1300	602
			1301	603
			1302	603
			1303	604
			1304	604
			1305	605
			1306	605
			1306	606
			1307	606
			1308	607
			1309	608
			1310	608
			1311	609
			1312	609
			1313	610
			1314	611
			1315	612
			1316	612
			1317	613
			1318	613
			1319	614
			1320	615
			1321	615
			1322	616
			1323	616
			1324	617
			1325	618
			1326	618
			1327	619
			1328	620
			1329	620
			1330	621
			1331	622
			1332	623
			1333	623
			1334	624
			1335	624
			1336	625
			1337	626
			1338	626
			1339	627
			1340	628
			1341	628
			1342	629
			1343	630
			1344	630
			1345	631
			1346	632
			1347	632
			1348	633
			1349	633
			1349	634
			1350	635
			1351	635
			1352	636
			1353	636
			1354	637
			1355	638
			1356	638
			1356	639
			1357	639
			1358	640
			1359	641
			1360	641
			1361	642
			1362	642
			1362	643
			1363	644
			1364	644
			1365	645
			1366	645
			1367	646
			1368	646
			1368	647
			1369	648
			1370	648
			1371	649
			1372	649
			1373	650
			1373	651
			1374	651
			1375	652
			1376	652
			1377	653
			1378	654
			1379	655
			1380	656
			1381	656
			1382	657
			1383	658
			1384	658
			1385	659
			1386	660
			1387	661
			1388	661
			1389	662
		</dorsal>
		<caudal_dors_ant type=matrix rownames=FALSE colnames=FALSE nrow=39 ncol=2 as.numeric=TRUE >
			1389	662
			1390	663
			1391	664
			1392	665
			1393	666
			1394	667
			1395	668
			1395	669
			1396	669
			1397	670
			1398	671
			1399	672
			1399	673
			1400	674
			1401	674
			1402	675
			1403	676
			1404	677
			1404	678
			1405	679
			1406	679
			1407	680
			1408	681
			1409	682
			1410	683
			1411	684
			1412	684
			1412	685
			1413	686
			1414	687
			1415	688
			1416	689
			1417	690
			1418	690
			1419	691
			1420	692
			1421	693
			1422	694
			1423	695
		</caudal_dors_ant>
		<caud_dors_post type=matrix rownames=FALSE colnames=FALSE nrow=68 ncol=2 as.numeric=TRUE >
			1423	695
			1424	695
			1425	694
			1426	694
			1427	694
			1428	693
			1429	693
			1430	693
			1431	693
			1432	692
			1433	692
			1434	692
			1435	692
			1436	691
			1437	691
			1438	691
			1439	691
			1440	690
			1441	690
			1442	690
			1443	690
			1444	689
			1445	689
			1446	689
			1447	689
			1448	688
			1449	688
			1450	688
			1451	688
			1452	688
			1453	687
			1454	687
			1455	687
			1456	687
			1457	686
			1458	686
			1459	686
			1460	686
			1461	686
			1462	685
			1463	685
			1464	685
			1465	685
			1466	685
			1467	684
			1468	684
			1469	684
			1470	684
			1471	684
			1472	684
			1473	683
			1474	683
			1475	683
			1476	683
			1477	683
			1478	683
			1479	682
			1480	682
			1481	682
			1482	682
			1483	682
			1484	682
			1485	682
			1485	681
			1486	681
			1487	681
			1488	681
			1489	681
		</caud_dors_post>
		<caud_vent_post type=matrix rownames=FALSE colnames=FALSE nrow=37 ncol=2 as.numeric=TRUE >
			1464	893
			1463	892
			1462	892
			1461	892
			1460	891
			1459	891
			1458	890
			1457	890
			1456	889
			1455	889
			1454	888
			1453	888
			1452	887
			1451	887
			1451	886
			1450	886
			1449	885
			1448	885
			1447	884
			1446	884
			1445	884
			1444	883
			1443	883
			1443	882
			1442	882
			1441	881
			1440	881
			1439	881
			1438	880
			1437	880
			1437	879
			1436	879
			1435	879
			1434	878
			1433	878
			1433	877
			1432	877
		</caud_vent_post>
		<caudal_vent_ant type=matrix rownames=FALSE colnames=FALSE nrow=58 ncol=2 as.numeric=TRUE >
			1432	877
			1431	877
			1430	878
			1429	878
			1428	878
			1427	879
			1426	879
			1425	879
			1424	880
			1423	880
			1422	880
			1421	881
			1420	881
			1419	881
			1418	882
			1417	882
			1416	882
			1415	883
			1414	883
			1413	884
			1412	884
			1411	884
			1410	885
			1409	885
			1408	885
			1407	886
			1406	886
			1405	886
			1404	887
			1403	887
			1402	888
			1401	888
			1400	889
			1399	889
			1398	889
			1397	890
			1396	890
			1395	890
			1395	891
			1394	891
			1393	891
			1392	892
			1391	892
			1390	893
			1389	893
			1388	893
			1387	894
			1386	894
			1385	895
			1384	895
			1383	896
			1382	896
			1381	897
			1380	897
			1379	898
			1378	898
			1377	899
			1376	899
		</caudal_vent_ant>
		<anal type=matrix rownames=FALSE colnames=FALSE nrow=389 ncol=2 as.numeric=TRUE >
			1376	899
			1375	900
			1374	900
			1373	901
			1372	901
			1371	901
			1371	902
			1370	902
			1369	903
			1368	903
			1367	904
			1366	904
			1365	905
			1364	905
			1363	906
			1362	906
			1361	907
			1360	907
			1359	908
			1358	909
			1357	909
			1356	910
			1355	910
			1354	911
			1353	911
			1352	912
			1351	912
			1350	912
			1350	913
			1349	913
			1348	913
			1348	914
			1347	914
			1346	915
			1345	915
			1344	916
			1343	916
			1342	916
			1341	917
			1340	918
			1339	918
			1338	919
			1337	919
			1336	920
			1335	920
			1334	921
			1333	921
			1332	922
			1331	922
			1330	923
			1329	923
			1328	924
			1327	924
			1326	925
			1325	925
			1324	926
			1323	926
			1322	927
			1321	927
			1320	928
			1319	928
			1318	929
			1317	929
			1316	930
			1315	930
			1314	931
			1313	931
			1312	932
			1311	932
			1310	933
			1309	933
			1308	934
			1307	934
			1306	935
			1305	935
			1304	936
			1303	936
			1302	937
			1301	937
			1300	938
			1299	938
			1298	939
			1297	939
			1296	940
			1295	940
			1294	941
			1293	941
			1292	942
			1291	942
			1290	943
			1289	943
			1288	944
			1287	944
			1286	945
			1285	945
			1284	946
			1283	946
			1282	947
			1281	947
			1280	947
			1279	948
			1278	948
			1277	949
			1276	949
			1275	950
			1274	950
			1273	951
			1272	951
			1271	952
			1270	952
			1269	953
			1268	953
			1267	953
			1266	954
			1265	954
			1264	955
			1263	955
			1262	956
			1261	956
			1260	957
			1259	957
			1258	957
			1257	958
			1256	958
			1255	959
			1254	960
			1253	960
			1252	960
			1252	961
			1251	961
			1250	961
			1250	962
			1249	962
			1248	962
			1247	963
			1246	963
			1245	964
			1244	964
			1243	964
			1242	965
			1241	966
			1240	966
			1239	966
			1238	967
			1237	967
			1236	968
			1235	968
			1234	969
			1233	969
			1232	969
			1231	970
			1230	970
			1229	971
			1228	971
			1227	972
			1226	972
			1225	972
			1225	973
			1224	973
			1223	973
			1223	974
			1222	974
			1221	974
			1220	975
			1219	975
			1218	976
			1217	976
			1216	976
			1215	977
			1214	977
			1213	978
			1212	978
			1211	979
			1210	979
			1209	979
			1208	980
			1207	980
			1206	981
			1205	981
			1204	982
			1203	982
			1202	982
			1202	983
			1201	983
			1200	983
			1200	984
			1199	984
			1198	984
			1197	985
			1196	985
			1195	985
			1194	986
			1193	986
			1192	987
			1191	987
			1190	988
			1189	988
			1188	988
			1187	989
			1186	989
			1185	989
			1184	990
			1183	990
			1182	991
			1181	991
			1180	991
			1180	992
			1179	992
			1178	992
			1177	993
			1176	993
			1175	994
			1174	994
			1173	994
			1172	995
			1171	995
			1170	995
			1169	996
			1168	996
			1167	997
			1166	997
			1165	997
			1164	998
			1163	998
			1162	998
			1161	999
			1160	999
			1159	999
			1158	1000
			1157	1000
			1156	1000
			1155	1001
			1154	1001
			1153	1001
			1152	1002
			1151	1002
			1150	1002
			1149	1003
			1148	1003
			1147	1003
			1146	1004
			1145	1004
			1144	1004
			1143	1005
			1142	1005
			1141	1005
			1140	1005
			1139	1006
			1138	1006
			1137	1007
			1136	1007
			1135	1007
			1134	1008
			1133	1008
			1132	1008
			1131	1009
			1130	1009
			1129	1009
			1128	1010
			1127	1010
			1126	1010
			1125	1011
			1124	1011
			1123	1011
			1122	1012
			1121	1012
			1120	1012
			1119	1013
			1118	1013
			1117	1013
			1116	1014
			1115	1014
			1114	1014
			1113	1015
			1112	1015
			1111	1015
			1110	1016
			1109	1016
			1108	1016
			1107	1017
			1106	1017
			1105	1018
			1104	1018
			1103	1018
			1102	1019
			1101	1019
			1100	1019
			1099	1020
			1098	1020
			1097	1021
			1096	1021
			1095	1021
			1094	1022
			1093	1022
			1092	1022
			1091	1023
			1090	1023
			1089	1023
			1088	1024
			1087	1024
			1086	1024
			1085	1025
			1084	1025
			1083	1025
			1082	1026
			1081	1026
			1080	1026
			1079	1027
			1078	1027
			1077	1028
			1076	1028
			1075	1028
			1074	1029
			1073	1029
			1072	1029
			1071	1030
			1070	1030
			1069	1030
			1068	1031
			1067	1031
			1066	1032
			1065	1032
			1064	1032
			1063	1033
			1062	1033
			1061	1034
			1060	1034
			1059	1034
			1058	1034
			1057	1035
			1056	1035
			1055	1036
			1054	1036
			1053	1036
			1052	1037
			1051	1037
			1050	1038
			1049	1038
			1048	1038
			1047	1039
			1046	1039
			1045	1039
			1044	1040
			1043	1040
			1042	1041
			1041	1041
			1040	1041
			1039	1042
			1038	1042
			1037	1042
			1036	1043
			1035	1043
			1034	1044
			1033	1044
			1032	1044
			1031	1045
			1030	1045
			1029	1045
			1029	1046
			1028	1046
			1027	1046
			1026	1047
			1025	1047
			1024	1048
			1023	1048
			1022	1048
			1021	1049
			1020	1049
			1019	1049
			1018	1050
			1017	1050
			1016	1051
			1015	1051
			1014	1051
			1013	1052
			1012	1052
			1011	1052
			1010	1053
			1009	1053
			1009	1054
			1008	1054
			1007	1054
			1006	1055
			1005	1055
			1004	1055
			1003	1056
			1002	1056
			1001	1057
			1000	1057
		</anal>
		<ventral_body type=matrix rownames=FALSE colnames=FALSE nrow=1051 ncol=2 as.numeric=TRUE >
			1000	1057
			999	1057
			998	1057
			997	1058
			996	1058
			995	1058
			994	1059
			993	1059
			992	1059
			991	1059
			991	1060
			990	1060
			989	1060
			988	1060
			988	1061
			987	1061
			986	1061
			986	1062
			985	1062
			984	1062
			983	1063
			982	1063
			981	1064
			980	1064
			979	1065
			978	1065
			977	1066
			976	1066
			975	1067
			974	1067
			973	1068
			972	1069
			971	1069
			970	1070
			969	1070
			968	1071
			967	1072
			966	1072
			965	1073
			964	1073
			963	1074
			962	1075
			961	1075
			961	1076
			960	1076
			959	1077
			958	1078
			957	1078
			956	1079
			955	1080
			954	1080
			953	1081
			953	1082
			952	1082
			951	1083
			950	1084
			949	1084
			948	1085
			947	1086
			946	1087
			945	1087
			944	1088
			943	1089
			942	1090
			941	1091
			940	1091
			939	1092
			938	1093
			937	1094
			936	1095
			935	1096
			934	1096
			934	1097
			933	1098
			932	1099
			931	1100
			930	1101
			929	1101
			928	1102
			928	1103
			927	1103
			926	1104
			925	1105
			924	1106
			923	1107
			922	1108
			921	1109
			920	1110
			919	1111
			918	1111
			917	1112
			916	1113
			915	1114
			914	1115
			913	1116
			912	1116
			911	1117
			911	1118
			910	1119
			909	1119
			908	1120
			907	1121
			906	1121
			906	1122
			905	1123
			904	1123
			903	1124
			902	1125
			901	1126
			900	1127
			899	1128
			898	1129
			897	1129
			896	1130
			895	1131
			894	1132
			893	1133
			892	1133
			891	1134
			890	1135
			889	1136
			888	1136
			887	1137
			886	1138
			885	1139
			884	1139
			883	1140
			882	1141
			881	1142
			880	1142
			879	1143
			878	1144
			877	1145
			876	1145
			875	1146
			874	1147
			873	1147
			872	1148
			871	1149
			870	1150
			869	1150
			868	1151
			867	1152
			866	1152
			865	1153
			864	1154
			863	1154
			862	1155
			861	1156
			860	1156
			859	1157
			858	1158
			857	1158
			856	1159
			855	1159
			854	1160
			853	1161
			852	1161
			851	1162
			851	1163
			850	1163
			849	1164
			848	1164
			847	1165
			846	1166
			845	1166
			844	1167
			843	1167
			842	1168
			841	1169
			840	1169
			839	1170
			838	1170
			837	1171
			836	1171
			835	1172
			834	1172
			833	1173
			832	1173
			831	1174
			830	1175
			829	1175
			828	1176
			827	1176
			826	1177
			825	1177
			824	1178
			823	1178
			822	1179
			821	1179
			821	1180
			820	1180
			819	1181
			818	1181
			817	1181
			816	1182
			815	1182
			814	1183
			813	1183
			812	1184
			811	1184
			810	1185
			809	1185
			808	1186
			807	1186
			806	1186
			805	1187
			804	1187
			803	1188
			802	1188
			801	1188
			800	1189
			799	1189
			798	1190
			797	1190
			796	1191
			795	1191
			794	1191
			793	1192
			792	1192
			791	1192
			791	1193
			790	1193
			789	1193
			788	1194
			787	1194
			786	1195
			785	1196
			784	1196
			783	1197
			782	1197
			781	1198
			780	1199
			779	1199
			778	1200
			777	1201
			776	1201
			775	1202
			774	1202
			773	1203
			772	1203
			771	1204
			770	1204
			769	1205
			768	1205
			767	1206
			766	1206
			765	1207
			764	1207
			763	1208
			762	1208
			761	1209
			760	1209
			759	1209
			759	1210
			758	1210
			757	1210
			757	1211
			756	1211
			755	1211
			754	1211
			754	1212
			753	1212
			752	1212
			752	1213
			751	1213
			750	1213
			749	1213
			749	1214
			748	1214
			747	1214
			746	1215
			745	1215
			744	1216
			743	1216
			742	1216
			741	1217
			740	1217
			739	1217
			738	1218
			737	1218
			736	1218
			735	1219
			734	1219
			733	1219
			732	1220
			731	1220
			730	1220
			729	1221
			728	1221
			727	1221
			726	1222
			725	1222
			724	1222
			723	1223
			722	1223
			721	1223
			720	1224
			719	1224
			718	1224
			717	1225
			716	1225
			715	1225
			714	1225
			713	1226
			712	1226
			711	1226
			710	1226
			709	1225
			708	1225
			707	1225
			706	1225
			705	1224
			704	1224
			703	1224
			702	1224
			701	1223
			700	1223
			699	1223
			699	1222
			698	1222
			697	1222
			696	1221
			695	1221
			694	1221
			693	1220
			692	1220
			691	1219
			690	1219
			689	1219
			688	1218
			687	1218
			686	1217
			685	1217
			684	1217
			683	1216
			682	1216
			681	1215
			680	1215
			679	1214
			678	1214
			677	1213
			676	1213
			675	1212
			674	1212
			673	1211
			672	1210
			671	1210
			670	1209
			669	1209
			668	1208
			667	1208
			666	1207
			665	1206
			664	1206
			663	1205
			662	1204
			661	1204
			660	1203
			659	1202
			658	1202
			657	1201
			656	1200
			655	1200
			654	1199
			653	1198
			652	1197
			651	1197
			650	1196
			649	1195
			648	1195
			647	1194
			646	1193
			645	1192
			644	1192
			643	1191
			642	1191
			641	1190
			641	1189
			640	1189
			639	1188
			638	1187
			637	1187
			636	1186
			635	1185
			634	1184
			633	1183
			632	1183
			631	1182
			630	1182
			630	1181
			629	1181
			628	1180
			627	1179
			626	1178
			625	1178
			624	1177
			623	1177
			623	1176
			622	1175
			621	1175
			620	1174
			619	1174
			619	1173
			618	1172
			617	1172
			616	1171
			615	1170
			614	1169
			613	1169
			612	1168
			611	1167
			610	1166
			609	1166
			608	1165
			607	1164
			606	1163
			605	1163
			604	1162
			603	1161
			602	1160
			601	1160
			600	1159
			599	1158
			598	1157
			597	1156
			596	1156
			595	1155
			594	1154
			593	1153
			592	1152
			591	1152
			590	1151
			589	1150
			588	1149
			587	1148
			586	1148
			585	1147
			584	1146
			583	1145
			582	1144
			581	1144
			580	1143
			579	1142
			578	1141
			577	1140
			576	1139
			575	1139
			574	1138
			573	1137
			572	1136
			571	1135
			570	1134
			569	1134
			568	1133
			567	1132
			566	1131
			565	1131
			564	1130
			563	1129
			562	1128
			561	1127
			560	1127
			559	1126
			558	1125
			557	1124
			556	1124
			555	1123
			555	1122
			554	1121
			553	1120
			552	1120
			551	1119
			550	1118
			549	1117
			548	1117
			547	1116
			546	1115
			545	1114
			544	1113
			543	1113
			542	1112
			541	1111
			540	1110
			539	1109
			538	1109
			537	1108
			536	1107
			536	1106
			535	1105
			534	1104
			533	1104
			532	1103
			531	1102
			530	1101
			529	1100
			528	1100
			527	1099
			526	1098
			525	1097
			524	1096
			523	1095
			522	1095
			521	1094
			520	1093
			519	1092
			518	1091
			517	1090
			516	1089
			515	1089
			514	1088
			513	1087
			512	1086
			511	1085
			510	1084
			509	1083
			508	1083
			507	1082
			506	1081
			505	1080
			504	1079
			504	1078
			503	1077
			502	1077
			502	1076
			501	1075
			501	1074
			500	1074
			499	1073
			499	1072
			498	1071
			497	1070
			496	1069
			495	1068
			495	1067
			494	1066
			493	1065
			492	1064
			492	1063
			491	1062
			490	1061
			489	1060
			488	1060
			488	1059
			487	1058
			486	1057
			485	1056
			485	1055
			484	1054
			483	1053
			482	1052
			481	1051
			480	1050
			479	1049
			478	1048
			478	1047
			477	1047
			477	1046
			476	1045
			475	1044
			474	1043
			473	1042
			472	1041
			471	1040
			471	1039
			470	1039
			469	1038
			469	1037
			468	1037
			467	1036
			467	1035
			466	1034
			465	1034
			464	1033
			464	1032
			463	1032
			462	1031
			462	1030
			461	1029
			460	1029
			460	1028
			459	1027
			458	1027
			458	1026
			457	1025
			456	1025
			455	1024
			455	1023
			454	1022
			453	1022
			453	1021
			452	1020
			451	1020
			451	1019
			450	1018
			449	1018
			448	1017
			448	1016
			447	1016
			446	1015
			446	1014
			445	1014
			444	1013
			443	1012
			442	1011
			441	1010
			440	1009
			439	1008
			438	1008
			437	1007
			436	1006
			435	1005
			434	1004
			433	1003
			432	1002
			431	1001
			430	1000
			429	999
			428	999
			427	998
			426	997
			425	996
			424	996
			423	995
			422	994
			421	993
			420	992
			419	992
			418	991
			417	990
			416	989
			415	989
			415	988
			414	987
			413	987
			412	986
			411	985
			410	984
			409	984
			408	983
			407	982
			406	982
			405	981
			404	980
			403	980
			402	979
			402	978
			401	978
			400	977
			399	976
			398	976
			397	975
			396	974
			395	974
			394	973
			393	972
			392	972
			391	971
			390	970
			389	969
			388	969
			387	968
			386	967
			385	966
			384	965
			383	965
			382	964
			381	963
			380	962
			379	962
			378	961
			377	960
			376	959
			375	959
			374	958
			373	957
			372	956
			371	956
			370	955
			369	954
			368	954
			367	953
			367	952
			366	951
			365	951
			364	950
			363	949
			362	948
			361	948
			360	947
			359	946
			358	945
			357	944
			356	943
			355	942
			354	942
			353	941
			353	940
			352	940
			351	939
			350	938
			349	937
			348	936
			347	935
			346	935
			345	934
			344	933
			343	932
			342	931
			341	930
			340	929
			339	928
			338	928
			337	927
			337	926
			336	925
			335	925
			334	924
			333	923
			333	922
			332	922
			331	921
			330	920
			330	919
			329	919
			328	918
			327	917
			326	916
			325	915
			324	914
			323	913
			322	912
			321	911
			321	910
			320	909
			319	908
			318	908
			317	907
			316	906
			316	905
			315	904
			314	903
			313	902
			312	901
			312	900
			311	900
			310	899
			309	898
			308	897
			308	896
			307	895
			306	894
			305	893
			305	892
			304	891
			303	891
			302	890
			302	889
			301	888
			300	887
			300	886
			299	885
			298	884
			297	883
			296	882
			295	881
			295	880
			294	879
			294	878
			293	877
			292	876
			291	875
			290	874
			289	873
			289	872
			288	871
			287	870
			286	869
			285	868
			285	867
			284	866
			283	865
			282	864
			281	863
			281	862
			280	861
			279	860
			278	859
			278	858
			277	857
			276	856
			275	855
			274	854
			274	853
			273	852
			272	851
			271	850
			271	849
			270	848
			269	847
			268	846
			268	845
			267	844
			266	843
			265	842
			265	841
			264	840
			263	839
			263	838
			262	838
			261	837
			260	836
			260	835
			259	834
			258	833
			257	832
			257	831
			256	830
			255	829
			255	828
			254	828
			253	827
			252	826
			252	825
			251	824
			250	823
			250	822
			249	821
			248	820
			247	819
			246	818
			245	817
			244	816
			244	815
			243	814
			242	813
			241	812
			240	811
			239	810
			239	809
			238	808
			237	807
			236	806
			235	805
			235	804
			234	803
			233	802
			232	801
			231	800
			231	799
			230	798
			229	797
			228	796
			228	795
			227	794
			226	793
			225	792
			225	791
			224	790
			223	789
			222	788
			221	787
			220	786
			219	785
			219	784
			218	784
			218	783
			217	782
			216	781
			215	780
			214	779
			214	778
			213	777
			212	776
			211	775
			210	774
			209	774
			208	773
			207	773
			206	772
			205	771
			204	770
			203	770
			202	769
			201	768
			200	768
			199	767
			198	766
			197	766
			196	765
			195	764
			194	764
			194	763
			193	762
			192	762
			191	761
			190	760
			189	760
			188	759
			187	758
			186	758
			186	757
			185	756
			184	756
			183	755
			182	755
			181	754
			180	753
			179	753
			179	752
			178	751
			177	751
			176	750
			175	749
			174	749
			174	748
			173	748
			172	747
			171	746
			170	746
			170	745
			169	744
			168	744
			167	743
			166	743
			166	742
			165	741
			164	741
			163	740
			162	740
			162	739
			161	738
			160	738
			159	737
			159	736
			158	736
			157	735
			156	735
			156	734
			155	733
			154	733
			154	732
			153	732
			152	731
			151	731
			151	730
			150	729
			149	729
			149	728
			148	728
			147	727
			146	726
			145	726
			145	725
			144	725
			143	724
			142	724
			141	723
			140	722
			139	722
			138	721
			138	720
			137	719
			136	718
			135	717
			134	717
			133	716
			133	715
			132	714
			131	713
			130	712
			130	711
			129	710
			129	709
			128	708
			127	707
			127	706
			126	705
			126	704
			125	703
			125	702
			124	701
			124	700
			123	699
			123	698
			122	697
			122	696
			121	695
			121	694
			121	693
			120	693
			120	692
			120	691
			119	690
			119	689
			118	688
			118	687
			118	686
			117	685
			117	684
			117	683
			116	682
			116	681
			116	680
			116	679
			116	678
			115	677
			115	676
			115	675
			115	674
			115	673
			115	672
			115	671
			115	670
			114	669
			114	668
			114	667
			114	666
			114	665
			114	664
			114	663
			114	662
			114	661
			114	660
			114	659
			114	658
			114	657
			114	656
			114	655
			114	654
			114	653
			114	652
			114	651
			114	650
			114	649
			114	648
			114	647
			114	646
			114	645
			114	644
			114	643
			115	642
			115	641
			115	640
			115	639
			115	638
			116	637
			116	636
			116	635
			117	634
			117	633
		</ventral_body>
		<operculum type=matrix rownames=FALSE colnames=FALSE nrow=73 ncol=2 as.numeric=TRUE >
			533	796
			533	795
			534	794
			534	793
			535	792
			536	791
			536	790
			537	789
			537	788
			538	787
			538	786
			539	785
			539	784
			539	783
			540	783
			540	782
			541	781
			541	780
			542	779
			542	778
			543	777
			543	776
			544	775
			544	774
			545	773
			546	772
			547	771
			547	770
			548	769
			548	768
			549	767
			550	766
			550	765
			551	764
			551	763
			552	762
			553	761
			553	760
			554	759
			554	758
			555	757
			555	756
			556	756
			557	755
			557	754
			558	753
			558	752
			559	751
			560	750
			560	749
			561	748
			562	747
			563	746
			564	745
			564	744
			565	743
			566	742
			566	741
			567	740
			568	739
			569	738
			569	737
			570	736
			570	735
			571	735
			572	734
			572	733
			573	732
			574	731
			575	730
			575	729
			576	728
			577	727
		</operculum>
	</curves.pixel>
</shapes>

