<shapes type=list>
	<scaling type=logical names=FALSE length=1 as.numeric=FALSE >NA</scaling>
	<landmarks.pixel type=matrix rownames=TRUE colnames=FALSE nrow=15 ncol=2 as.numeric=TRUE >
		pectoral_dors	188	263
		pectoral_vent	194	285
		premax_post	42	273
		upper_jaw	29	267
		dorsal_ant	284	194
		dorsal_post	397	250
		caud_pedunc_dors	498	270
		caud_scale_dors	524	258
		caud_scale_vent	523	302
		caud_pedunc_vent	501	287
		anal_post	387	308
		anal_ant	330	338
		lower_jaw	29	281
		operc_vent	174	280
		oper_dor	177	246
	</landmarks.pixel>
	<curves.control type=list>
		<head type=matrix rownames=FALSE colnames=FALSE nrow=11 ncol=2 as.numeric=TRUE >
			29	267
			40	259
			51	254
			81	239
			92	221
			116	202
			164	175
			184	155
			223	171
			266	188
			284	194
		</head>
		<dorsal type=matrix rownames=FALSE colnames=FALSE nrow=5 ncol=2 as.numeric=TRUE >
			284	194
			313	208
			345	221
			370	235
			397	250
		</dorsal>
		<caudal_dors_ant type=matrix rownames=FALSE colnames=FALSE nrow=5 ncol=2 as.numeric=TRUE >
			397	250
			423	257
			449	263
			477	267
			498	270
		</caudal_dors_ant>
		<caud_dors_post type=matrix rownames=FALSE colnames=FALSE nrow=3 ncol=2 as.numeric=TRUE >
			498	270
			512	262
			524	258
		</caud_dors_post>
		<caud_vent_post type=matrix rownames=FALSE colnames=FALSE nrow=3 ncol=2 as.numeric=TRUE >
			523	302
			509	295
			501	287
		</caud_vent_post>
		<caudal_vent_ant type=matrix rownames=FALSE colnames=FALSE nrow=5 ncol=2 as.numeric=TRUE >
			501	287
			476	291
			437	299
			413	305
			387	308
		</caudal_vent_ant>
		<anal type=matrix rownames=FALSE colnames=FALSE nrow=3 ncol=2 as.numeric=TRUE >
			387	308
			357	324
			330	338
		</anal>
		<ventral_body type=matrix rownames=FALSE colnames=FALSE nrow=15 ncol=2 as.numeric=TRUE >
			330	338
			317	336
			299	336
			271	335
			225	331
			204	335
			182	338
			147	333
			129	325
			110	313
			91	305
			74	300
			52	294
			38	293
			29	281
		</ventral_body>
		<operculum type=matrix rownames=FALSE colnames=FALSE nrow=5 ncol=2 as.numeric=TRUE >
			174	280
			174	270
			175	264
			178	259
			177	246
		</operculum>
	</curves.control>
	<curves.pixel type=list>
		<head type=matrix rownames=FALSE colnames=FALSE nrow=271 ncol=2 as.numeric=TRUE >
			29	267
			30	266
			31	266
			31	265
			32	265
			33	264
			34	264
			34	263
			35	263
			36	262
			37	262
			37	261
			38	261
			39	260
			40	260
			41	259
			42	259
			43	258
			44	258
			45	257
			46	257
			46	256
			47	256
			48	255
			49	255
			50	254
			51	254
			52	253
			53	253
			54	252
			55	252
			56	252
			57	251
			58	250
			59	250
			60	249
			61	249
			62	248
			63	247
			64	247
			65	246
			66	246
			67	245
			68	244
			69	243
			70	243
			71	242
			72	241
			73	241
			74	240
			75	239
			76	239
			77	238
			78	237
			78	236
			79	236
			80	235
			81	234
			82	234
			82	233
			83	232
			84	231
			85	231
			85	230
			86	229
			87	228
			88	227
			88	226
			89	225
			90	224
			90	223
			91	222
			92	222
			92	221
			93	220
			94	219
			95	219
			96	218
			97	217
			98	216
			99	216
			100	215
			101	214
			102	213
			103	213
			104	212
			105	211
			106	211
			107	210
			108	209
			109	209
			110	208
			111	207
			112	206
			113	206
			114	205
			115	204
			116	204
			117	203
			118	203
			119	202
			120	201
			121	201
			122	200
			123	200
			124	199
			124	198
			125	198
			126	197
			127	197
			128	196
			129	196
			130	195
			131	194
			132	194
			133	193
			134	192
			135	192
			136	191
			137	190
			138	190
			139	189
			140	189
			141	188
			142	188
			143	187
			144	186
			145	186
			146	185
			147	185
			148	184
			149	183
			150	183
			151	182
			152	182
			153	181
			154	181
			155	180
			156	179
			157	179
			158	179
			158	178
			159	178
			160	177
			161	177
			162	176
			163	175
			164	175
			165	174
			166	173
			167	173
			167	172
			168	172
			169	171
			169	170
			170	170
			171	169
			172	169
			173	169
			173	168
			174	168
			175	167
			176	167
			177	167
			178	166
			179	166
			180	165
			181	165
			182	165
			183	165
			184	165
			185	164
			186	164
			187	164
			188	164
			189	164
			190	164
			191	164
			192	164
			193	164
			194	164
			195	164
			196	164
			197	164
			198	164
			199	164
			200	164
			201	165
			202	165
			203	165
			204	165
			205	165
			206	166
			207	166
			208	166
			209	166
			210	167
			211	167
			212	167
			213	167
			214	168
			215	168
			216	168
			217	169
			218	169
			219	169
			220	170
			221	170
			222	171
			223	171
			224	172
			225	172
			226	172
			227	173
			228	173
			229	174
			230	174
			231	174
			232	174
			233	175
			234	175
			235	176
			236	176
			237	176
			238	177
			239	177
			240	178
			241	178
			242	179
			243	179
			244	179
			245	180
			246	180
			247	180
			248	181
			249	181
			250	182
			251	182
			252	182
			253	183
			254	183
			255	183
			256	184
			257	184
			258	185
			259	185
			260	185
			261	186
			262	186
			263	187
			264	187
			265	187
			266	188
			267	188
			268	188
			269	189
			270	189
			271	190
			272	190
			273	190
			274	191
			275	191
			276	191
			277	192
			278	192
			279	192
			280	193
			281	193
			282	193
			283	194
			284	194
		</head>
		<dorsal type=matrix rownames=FALSE colnames=FALSE nrow=117 ncol=2 as.numeric=TRUE >
			284	194
			285	194
			286	195
			287	195
			288	196
			289	196
			290	197
			291	198
			292	198
			293	198
			294	199
			295	199
			296	200
			297	200
			298	201
			299	201
			300	202
			301	202
			302	203
			303	203
			304	203
			305	204
			306	204
			307	205
			308	205
			309	206
			310	206
			311	207
			312	207
			313	208
			314	208
			315	208
			316	209
			317	209
			318	210
			319	210
			320	211
			321	211
			322	211
			323	212
			324	212
			325	213
			326	213
			327	214
			328	214
			329	215
			330	215
			331	215
			332	216
			333	216
			334	216
			334	217
			335	217
			336	217
			337	218
			338	218
			339	219
			340	219
			341	219
			342	220
			343	220
			344	221
			345	221
			346	221
			346	222
			347	222
			348	223
			349	223
			350	224
			351	224
			352	225
			353	225
			354	226
			355	227
			356	227
			357	228
			358	228
			359	229
			360	230
			361	230
			362	231
			363	231
			364	232
			365	232
			366	233
			367	233
			368	234
			369	234
			370	235
			371	235
			372	236
			373	237
			374	237
			375	238
			376	238
			376	239
			377	239
			378	240
			379	240
			380	241
			381	241
			382	242
			383	242
			384	243
			385	243
			386	244
			387	244
			388	245
			389	245
			390	246
			391	247
			392	247
			393	248
			394	248
			395	249
			396	249
			397	250
		</dorsal>
		<caudal_dors_ant type=matrix rownames=FALSE colnames=FALSE nrow=102 ncol=2 as.numeric=TRUE >
			397	250
			398	250
			399	251
			400	251
			401	251
			402	251
			403	252
			404	252
			405	252
			406	252
			407	253
			408	253
			409	253
			410	253
			411	254
			412	254
			413	254
			414	255
			415	255
			416	255
			417	255
			418	256
			419	256
			420	256
			421	256
			422	257
			423	257
			424	257
			425	257
			426	258
			427	258
			428	258
			429	258
			430	259
			431	259
			432	259
			433	259
			434	260
			435	260
			436	260
			437	260
			438	261
			439	261
			440	261
			441	261
			442	261
			443	262
			444	262
			445	262
			446	262
			447	263
			448	263
			449	263
			450	263
			451	263
			452	263
			453	264
			454	264
			455	264
			456	264
			457	264
			458	264
			459	264
			460	265
			461	265
			462	265
			463	265
			464	265
			465	265
			466	265
			467	266
			468	266
			469	266
			470	266
			471	266
			472	266
			473	266
			474	267
			475	267
			476	267
			477	267
			478	267
			479	267
			480	267
			481	268
			482	268
			483	268
			484	268
			485	268
			486	268
			487	268
			488	269
			489	269
			490	269
			491	269
			492	269
			493	269
			494	269
			495	270
			496	270
			497	270
			498	270
		</caudal_dors_ant>
		<caud_dors_post type=matrix rownames=FALSE colnames=FALSE nrow=29 ncol=2 as.numeric=TRUE >
			498	270
			499	269
			500	269
			501	268
			502	268
			503	267
			504	267
			505	266
			506	266
			507	265
			508	265
			508	264
			509	264
			510	264
			511	263
			512	263
			513	262
			514	262
			515	262
			516	261
			517	261
			517	260
			518	260
			519	260
			520	259
			521	259
			522	259
			523	258
			524	258
		</caud_dors_post>
		<caud_vent_post type=matrix rownames=FALSE colnames=FALSE nrow=24 ncol=2 as.numeric=TRUE >
			523	302
			522	301
			521	301
			520	300
			519	300
			518	299
			517	299
			516	298
			515	298
			514	297
			513	297
			512	296
			511	295
			510	294
			509	294
			508	293
			507	292
			506	292
			505	291
			504	290
			504	289
			503	289
			502	288
			501	287
		</caud_vent_post>
		<caudal_vent_ant type=matrix rownames=FALSE colnames=FALSE nrow=116 ncol=2 as.numeric=TRUE >
			501	287
			500	287
			499	287
			498	287
			497	288
			496	288
			495	288
			494	288
			493	288
			492	289
			491	289
			490	289
			489	289
			488	289
			487	289
			486	289
			485	290
			484	290
			483	290
			482	290
			481	290
			480	291
			479	291
			478	291
			477	291
			476	291
			475	291
			474	292
			473	292
			472	292
			471	292
			470	293
			469	293
			468	293
			467	293
			466	293
			465	293
			464	294
			463	294
			462	294
			461	294
			460	294
			459	295
			458	295
			457	295
			456	295
			455	295
			454	296
			453	296
			452	296
			451	296
			450	296
			449	297
			448	297
			447	297
			446	297
			445	297
			444	298
			443	298
			442	298
			441	298
			440	298
			439	299
			438	299
			437	299
			436	299
			435	300
			434	300
			433	300
			432	300
			431	300
			431	301
			430	301
			429	301
			428	301
			427	301
			426	302
			425	302
			424	302
			423	302
			422	302
			421	303
			420	303
			419	303
			418	303
			417	303
			416	304
			415	304
			414	304
			413	304
			412	304
			411	305
			410	305
			409	305
			408	305
			407	305
			406	305
			405	306
			404	306
			403	306
			402	306
			401	306
			400	306
			399	306
			398	307
			397	307
			396	307
			395	307
			394	307
			393	307
			392	307
			391	308
			390	308
			389	308
			388	308
			387	308
		</caudal_vent_ant>
		<anal type=matrix rownames=FALSE colnames=FALSE nrow=61 ncol=2 as.numeric=TRUE >
			387	308
			386	308
			385	309
			384	309
			383	310
			382	310
			381	311
			380	312
			379	312
			378	313
			377	313
			376	314
			375	314
			374	315
			373	315
			372	316
			371	317
			370	317
			369	318
			368	318
			367	319
			366	319
			365	320
			364	320
			363	320
			363	321
			362	321
			361	322
			360	322
			359	323
			358	323
			357	324
			356	324
			355	325
			354	325
			353	326
			352	326
			352	327
			351	327
			350	328
			349	328
			348	329
			347	329
			346	330
			345	330
			344	331
			343	331
			342	332
			341	332
			340	333
			339	333
			338	334
			337	334
			336	335
			335	335
			334	336
			333	336
			333	337
			332	337
			331	337
			330	338
		</anal>
		<ventral_body type=matrix rownames=FALSE colnames=FALSE nrow=315 ncol=2 as.numeric=TRUE >
			330	338
			329	338
			328	338
			327	338
			326	337
			325	337
			324	337
			323	337
			322	337
			321	337
			320	337
			319	337
			318	337
			317	337
			316	337
			315	336
			314	336
			313	336
			312	336
			311	336
			310	336
			309	336
			308	336
			307	336
			306	336
			305	336
			304	336
			303	336
			302	336
			301	336
			300	336
			299	336
			298	336
			297	336
			296	336
			295	336
			294	336
			293	336
			292	336
			291	336
			290	336
			289	336
			288	336
			287	335
			286	335
			285	335
			284	335
			283	335
			282	335
			281	335
			280	335
			279	335
			278	335
			277	335
			276	335
			275	335
			274	335
			273	335
			272	335
			271	335
			270	334
			269	334
			268	334
			267	334
			266	334
			265	334
			264	334
			263	334
			262	334
			261	334
			260	334
			259	334
			258	334
			257	334
			256	334
			255	333
			254	333
			253	333
			252	333
			251	333
			250	333
			249	333
			248	333
			247	333
			246	333
			245	333
			244	333
			243	332
			242	332
			241	332
			240	332
			239	332
			238	332
			237	332
			236	332
			235	332
			234	332
			233	332
			232	332
			231	332
			231	331
			230	331
			229	331
			228	331
			227	331
			226	331
			225	331
			224	331
			223	331
			222	331
			222	332
			221	332
			220	332
			219	332
			218	332
			217	332
			216	333
			215	333
			214	333
			213	333
			212	333
			211	333
			211	334
			210	334
			209	334
			208	334
			207	334
			206	334
			205	335
			204	335
			203	335
			202	335
			201	335
			200	335
			199	335
			199	336
			198	336
			197	336
			196	336
			195	336
			194	336
			193	336
			192	337
			191	337
			190	337
			189	337
			188	337
			187	337
			186	337
			185	338
			184	338
			183	338
			182	338
			181	338
			180	338
			179	338
			178	337
			177	337
			176	337
			175	337
			174	337
			173	337
			172	336
			171	336
			170	336
			169	336
			168	336
			167	336
			166	335
			165	335
			164	335
			163	335
			162	335
			161	335
			161	334
			160	334
			159	334
			158	334
			157	334
			156	333
			155	333
			154	333
			153	333
			152	332
			151	332
			150	332
			149	332
			148	331
			147	331
			146	331
			145	331
			144	330
			143	330
			142	330
			141	329
			140	329
			139	329
			138	328
			137	328
			136	328
			135	327
			134	327
			133	327
			132	326
			131	326
			130	325
			129	325
			128	324
			127	324
			126	323
			125	322
			124	322
			123	321
			122	320
			121	320
			120	319
			119	319
			118	318
			117	318
			116	317
			115	316
			114	316
			113	315
			112	315
			111	315
			111	314
			110	314
			109	314
			109	313
			108	313
			107	312
			106	312
			105	311
			104	311
			103	311
			102	310
			101	309
			100	309
			99	309
			98	308
			97	308
			97	307
			96	307
			95	307
			94	306
			93	306
			92	306
			91	305
			90	305
			89	304
			88	304
			87	304
			86	303
			85	303
			84	303
			83	303
			82	302
			81	302
			80	302
			79	301
			78	301
			77	301
			76	301
			75	300
			74	300
			73	300
			72	300
			72	299
			71	299
			70	299
			69	299
			68	298
			67	298
			66	298
			65	298
			64	297
			63	297
			62	297
			61	296
			60	296
			59	296
			58	296
			57	295
			56	295
			55	295
			54	294
			53	294
			52	294
			51	294
			50	294
			49	294
			48	293
			47	293
			46	293
			45	293
			44	293
			44	292
			43	292
			42	292
			42	291
			41	291
			40	291
			39	290
			38	290
			37	289
			36	288
			35	287
			34	287
			34	286
			33	285
			32	285
			31	284
			31	283
			30	282
			29	281
		</ventral_body>
		<operculum type=matrix rownames=FALSE colnames=FALSE nrow=35 ncol=2 as.numeric=TRUE >
			174	280
			174	279
			174	278
			174	277
			174	276
			174	275
			174	274
			174	273
			174	272
			174	271
			174	270
			174	269
			174	268
			175	267
			175	266
			175	265
			175	264
			176	263
			176	262
			176	261
			177	260
			177	259
			177	258
			177	257
			177	256
			177	255
			177	254
			177	253
			177	252
			177	251
			177	250
			177	249
			177	248
			177	247
			177	246
		</operculum>
	</curves.pixel>
</shapes>

