<shapes type=list>
	<scaling type=logical names=FALSE length=1 as.numeric=FALSE >NA</scaling>
	<landmarks.pixel type=matrix rownames=TRUE colnames=FALSE nrow=15 ncol=2 as.numeric=TRUE >
		pectoral_dors	144	269
		pectoral_vent	144	298
		premax_post	33	250
		upper_jaw	22	240
		dorsal_ant	282	156
		dorsal_post	423	232
		caud_pedunc_dors	451	234
		caud_scale_dors	472	227
		caud_scale_vent	477	289
		caud_pedunc_vent	454	283
		anal_post	431	287
		anal_ant	300	343
		lower_jaw	20	248
		operc_vent	122	270
		oper_dor	142	250
	</landmarks.pixel>
	<curves.control type=list>
		<head type=matrix rownames=FALSE colnames=FALSE nrow=17 ncol=2 as.numeric=TRUE >
			22	240
			29	233
			33	229
			48	224
			69	212
			92	200
			109	185
			126	173
			146	164
			159	162
			189	158
			203	161
			219	163
			240	163
			256	163
			270	164
			282	156
		</head>
		<dorsal type=matrix rownames=FALSE colnames=FALSE nrow=7 ncol=2 as.numeric=TRUE >
			282	156
			309	163
			335	176
			371	195
			397	212
			413	224
			423	232
		</dorsal>
		<caudal_dors_ant type=matrix rownames=FALSE colnames=FALSE nrow=3 ncol=2 as.numeric=TRUE >
			423	232
			436	234
			451	234
		</caudal_dors_ant>
		<caud_dors_post type=matrix rownames=FALSE colnames=FALSE nrow=5 ncol=2 as.numeric=TRUE >
			451	234
			457	231
			462	229
			468	227
			472	227
		</caud_dors_post>
		<caud_vent_post type=matrix rownames=FALSE colnames=FALSE nrow=5 ncol=2 as.numeric=TRUE >
			477	289
			470	288
			463	286
			459	285
			454	283
		</caud_vent_post>
		<caudal_vent_ant type=matrix rownames=FALSE colnames=FALSE nrow=5 ncol=2 as.numeric=TRUE >
			454	283
			450	284
			444	285
			438	286
			431	287
		</caudal_vent_ant>
		<anal type=matrix rownames=FALSE colnames=FALSE nrow=7 ncol=2 as.numeric=TRUE >
			431	287
			424	292
			395	307
			362	324
			334	334
			317	339
			300	343
		</anal>
		<ventral_body type=matrix rownames=FALSE colnames=FALSE nrow=19 ncol=2 as.numeric=TRUE >
			300	343
			296	349
			285	368
			265	384
			246	392
			227	395
			206	391
			181	382
			145	362
			106	339
			75	318
			52	300
			36	285
			28	277
			22	272
			15	268
			14	260
			15	252
			20	248
		</ventral_body>
		<operculum type=matrix rownames=FALSE colnames=FALSE nrow=3 ncol=2 as.numeric=TRUE >
			122	270
			133	260
			142	250
		</operculum>
	</curves.control>
	<curves.pixel type=list>
		<head type=matrix rownames=FALSE colnames=FALSE nrow=265 ncol=2 as.numeric=TRUE >
			22	240
			23	239
			24	238
			25	237
			26	236
			27	235
			28	234
			29	233
			30	232
			31	231
			32	230
			33	229
			34	229
			35	228
			36	228
			37	228
			38	227
			39	227
			40	227
			41	226
			42	226
			43	225
			44	225
			45	224
			46	224
			47	224
			48	223
			49	223
			50	222
			51	222
			52	221
			53	221
			54	220
			55	220
			56	219
			57	218
			58	218
			59	217
			60	217
			61	216
			62	216
			63	215
			64	215
			65	215
			65	214
			66	214
			67	213
			68	213
			69	212
			70	212
			71	211
			72	211
			73	210
			74	210
			75	209
			75	208
			76	208
			77	207
			78	207
			79	206
			80	206
			81	205
			82	205
			83	204
			84	204
			85	203
			86	202
			87	201
			88	201
			89	200
			90	199
			91	199
			92	198
			93	197
			94	197
			95	196
			96	195
			97	195
			98	194
			99	193
			100	192
			101	192
			102	191
			103	190
			104	189
			105	189
			106	188
			106	187
			107	187
			108	186
			109	185
			110	184
			111	184
			112	183
			113	182
			114	181
			115	181
			116	180
			117	180
			118	179
			119	178
			120	178
			121	177
			122	177
			123	176
			124	176
			124	175
			125	175
			126	174
			127	174
			128	173
			129	172
			130	172
			131	171
			132	171
			133	170
			134	170
			135	169
			136	169
			137	168
			138	168
			139	167
			140	167
			141	166
			142	166
			143	165
			144	165
			145	164
			146	164
			147	164
			148	164
			149	164
			150	163
			151	163
			152	163
			153	163
			154	163
			155	163
			156	162
			157	162
			158	162
			159	162
			160	162
			161	162
			162	162
			163	162
			164	161
			165	161
			166	161
			167	161
			168	161
			169	161
			170	161
			171	160
			172	160
			173	160
			174	160
			175	160
			176	160
			177	160
			178	159
			179	159
			180	159
			181	159
			182	159
			183	159
			184	159
			185	159
			186	158
			187	158
			188	158
			189	158
			190	158
			191	158
			192	159
			193	159
			194	159
			195	159
			196	159
			197	160
			198	160
			199	160
			200	160
			201	160
			202	160
			203	161
			204	161
			205	161
			206	161
			207	161
			208	162
			209	162
			210	162
			211	162
			212	162
			213	162
			214	162
			215	163
			216	163
			217	163
			218	163
			219	163
			220	163
			221	163
			222	163
			223	163
			224	163
			225	163
			226	163
			227	163
			228	163
			229	163
			230	163
			231	163
			232	163
			233	163
			234	163
			235	163
			236	163
			237	163
			238	163
			239	163
			240	163
			241	163
			242	163
			243	163
			244	163
			245	163
			246	163
			247	163
			248	163
			249	163
			250	163
			251	163
			252	163
			253	163
			254	163
			255	163
			256	163
			257	163
			258	163
			259	163
			260	163
			261	163
			262	163
			263	163
			264	163
			265	163
			266	162
			267	162
			268	162
			269	162
			270	162
			271	161
			272	161
			273	161
			274	160
			275	160
			276	159
			277	159
			278	158
			279	158
			280	157
			281	157
			282	156
		</head>
		<dorsal type=matrix rownames=FALSE colnames=FALSE nrow=145 ncol=2 as.numeric=TRUE >
			282	156
			283	156
			284	157
			285	157
			286	157
			287	157
			288	158
			289	158
			290	158
			291	159
			292	159
			293	159
			294	159
			295	160
			296	160
			297	160
			298	161
			299	161
			300	161
			301	162
			302	162
			303	162
			304	163
			305	163
			306	163
			307	164
			308	164
			309	165
			310	165
			311	165
			312	166
			313	166
			314	166
			315	167
			316	167
			317	168
			318	168
			319	168
			320	169
			321	169
			322	170
			323	170
			324	171
			325	171
			326	171
			327	172
			328	173
			329	173
			330	173
			331	174
			332	174
			333	175
			334	176
			335	176
			336	177
			337	177
			338	178
			339	178
			340	179
			341	179
			342	180
			343	180
			344	181
			345	181
			346	182
			347	183
			348	183
			349	184
			350	184
			351	185
			352	185
			353	186
			354	186
			355	187
			356	187
			357	188
			358	189
			359	189
			360	190
			361	190
			362	191
			363	191
			364	192
			365	192
			366	193
			367	194
			368	194
			369	195
			370	195
			371	196
			372	196
			372	197
			373	197
			374	198
			375	198
			376	199
			377	199
			378	200
			379	201
			380	201
			381	202
			382	203
			383	203
			384	204
			385	205
			386	205
			387	206
			388	206
			389	207
			390	207
			391	208
			392	209
			393	209
			394	210
			395	210
			396	211
			396	212
			397	212
			398	213
			399	213
			400	214
			401	215
			402	216
			403	217
			404	217
			405	218
			406	219
			407	220
			408	220
			409	221
			410	222
			411	222
			412	223
			413	224
			413	225
			414	225
			415	226
			416	226
			417	227
			418	228
			419	229
			420	230
			421	230
			422	231
			423	232
		</dorsal>
		<caudal_dors_ant type=matrix rownames=FALSE colnames=FALSE nrow=29 ncol=2 as.numeric=TRUE >
			423	232
			424	232
			425	232
			426	232
			427	233
			428	233
			429	233
			430	233
			431	233
			432	233
			433	233
			434	233
			435	233
			436	233
			437	234
			438	234
			439	234
			440	234
			441	234
			442	234
			443	234
			444	234
			445	234
			446	234
			447	234
			448	234
			449	234
			450	234
			451	234
		</caudal_dors_ant>
		<caud_dors_post type=matrix rownames=FALSE colnames=FALSE nrow=22 ncol=2 as.numeric=TRUE >
			451	234
			452	233
			453	233
			454	232
			455	232
			456	232
			457	231
			458	231
			459	230
			460	230
			461	229
			462	229
			463	229
			464	228
			465	228
			466	228
			467	228
			468	227
			469	227
			470	227
			471	227
			472	227
		</caud_dors_post>
		<caud_vent_post type=matrix rownames=FALSE colnames=FALSE nrow=24 ncol=2 as.numeric=TRUE >
			477	289
			476	289
			475	289
			474	289
			473	288
			472	288
			471	288
			470	288
			469	288
			468	287
			467	287
			466	287
			465	286
			464	286
			463	286
			462	286
			461	285
			460	285
			459	285
			458	285
			457	284
			456	284
			455	283
			454	283
		</caud_vent_post>
		<caudal_vent_ant type=matrix rownames=FALSE colnames=FALSE nrow=24 ncol=2 as.numeric=TRUE >
			454	283
			453	283
			452	284
			451	284
			450	284
			449	284
			448	284
			447	285
			446	285
			445	285
			444	285
			443	285
			442	285
			441	285
			440	286
			439	286
			438	286
			437	286
			436	286
			435	286
			434	287
			433	287
			432	287
			431	287
		</caudal_vent_ant>
		<anal type=matrix rownames=FALSE colnames=FALSE nrow=145 ncol=2 as.numeric=TRUE >
			431	287
			430	287
			430	288
			429	288
			428	289
			427	290
			426	290
			425	291
			424	291
			423	292
			422	293
			421	293
			420	294
			419	294
			418	295
			417	295
			417	296
			416	296
			415	297
			414	297
			413	297
			413	298
			412	298
			411	298
			411	299
			410	299
			409	299
			409	300
			408	300
			407	301
			406	301
			405	302
			404	302
			403	303
			402	303
			401	304
			400	304
			399	305
			398	305
			397	306
			396	306
			395	307
			394	307
			393	308
			392	309
			391	309
			390	310
			389	310
			388	310
			388	311
			387	311
			386	311
			386	312
			385	312
			384	312
			383	313
			382	313
			381	314
			380	315
			379	315
			378	315
			377	316
			376	317
			375	317
			374	317
			373	318
			372	318
			371	319
			370	319
			369	320
			368	320
			367	321
			366	321
			365	321
			364	322
			363	322
			362	323
			361	323
			360	324
			359	324
			358	324
			357	325
			356	325
			356	326
			355	326
			354	326
			353	327
			352	327
			351	328
			350	328
			349	328
			348	329
			347	329
			346	329
			345	330
			344	330
			343	331
			342	331
			341	331
			341	332
			340	332
			339	332
			338	333
			337	333
			336	333
			335	334
			334	334
			333	334
			332	334
			332	335
			331	335
			330	335
			329	336
			328	336
			327	336
			326	336
			325	337
			324	337
			323	337
			322	337
			321	338
			320	338
			319	338
			318	338
			318	339
			317	339
			316	339
			315	339
			314	340
			313	340
			312	340
			311	340
			310	340
			310	341
			309	341
			308	341
			307	341
			306	341
			306	342
			305	342
			304	342
			303	342
			302	343
			301	343
			300	343
		</anal>
		<ventral_body type=matrix rownames=FALSE colnames=FALSE nrow=333 ncol=2 as.numeric=TRUE >
			300	343
			300	344
			299	344
			299	345
			298	346
			298	347
			297	348
			296	349
			296	350
			295	351
			294	352
			294	353
			293	354
			293	355
			292	356
			292	357
			291	358
			290	359
			289	360
			289	361
			289	362
			288	363
			287	364
			287	365
			286	366
			286	367
			285	368
			284	369
			283	369
			282	370
			281	371
			280	372
			279	373
			278	373
			277	374
			276	375
			275	376
			274	376
			273	377
			272	378
			271	378
			270	379
			269	380
			268	380
			267	381
			266	382
			265	382
			264	383
			263	383
			262	384
			261	385
			260	385
			259	386
			258	386
			257	387
			256	387
			255	388
			254	388
			253	389
			252	389
			251	390
			250	390
			249	391
			248	391
			247	391
			246	392
			245	392
			244	392
			243	392
			242	393
			241	393
			240	393
			239	393
			238	393
			237	393
			236	393
			235	393
			234	393
			233	393
			232	393
			231	393
			230	393
			229	393
			228	393
			227	393
			226	393
			225	393
			224	393
			223	393
			222	393
			221	393
			220	393
			219	393
			218	393
			217	393
			216	393
			215	392
			214	392
			213	392
			212	392
			211	392
			210	392
			209	391
			208	391
			207	391
			206	391
			205	391
			204	390
			203	390
			202	390
			201	389
			200	389
			199	388
			198	388
			197	388
			196	387
			195	387
			194	386
			193	386
			192	386
			191	385
			190	385
			189	384
			188	384
			187	383
			186	383
			185	382
			184	382
			183	381
			182	381
			181	380
			180	380
			179	380
			179	379
			178	379
			177	379
			177	378
			176	378
			175	378
			174	377
			173	377
			172	376
			171	376
			170	375
			169	375
			168	374
			167	374
			167	373
			166	373
			165	373
			164	372
			163	372
			162	371
			161	371
			160	370
			159	369
			158	369
			157	368
			156	368
			155	367
			154	367
			153	366
			152	366
			151	365
			150	365
			149	364
			148	364
			147	363
			146	362
			145	362
			144	361
			143	361
			142	360
			141	359
			140	359
			139	358
			138	358
			137	357
			136	356
			135	356
			134	356
			133	355
			132	354
			131	354
			130	353
			129	353
			128	352
			127	351
			126	350
			125	350
			124	349
			123	349
			122	348
			121	348
			120	347
			119	346
			118	346
			117	345
			116	345
			116	344
			115	344
			114	343
			113	343
			113	342
			112	342
			111	341
			110	341
			109	340
			108	339
			107	339
			106	338
			105	338
			104	337
			103	337
			102	336
			102	335
			101	335
			100	334
			99	334
			98	333
			97	333
			97	332
			96	332
			95	331
			94	331
			93	330
			92	330
			92	329
			91	329
			90	328
			89	327
			88	327
			88	326
			87	326
			86	325
			85	325
			84	324
			83	323
			82	323
			81	322
			80	321
			79	321
			78	320
			77	319
			76	319
			75	318
			74	317
			73	316
			72	315
			71	315
			70	314
			69	314
			69	313
			68	312
			67	312
			66	311
			66	310
			65	310
			64	309
			63	309
			62	308
			62	307
			61	307
			60	306
			59	305
			58	304
			57	304
			56	303
			55	302
			55	301
			54	301
			53	300
			52	299
			51	299
			50	298
			50	297
			49	297
			48	296
			47	295
			46	294
			45	293
			44	292
			43	291
			42	291
			41	290
			40	289
			40	288
			39	287
			38	287
			37	286
			36	285
			35	284
			34	283
			33	282
			32	281
			31	280
			30	279
			29	278
			28	278
			28	277
			27	276
			26	275
			25	275
			24	274
			24	273
			23	273
			22	272
			21	272
			20	271
			20	270
			19	270
			18	269
			17	268
			17	267
			16	266
			15	265
			15	264
			15	263
			14	262
			14	261
			14	260
			14	259
			14	258
			15	257
			15	256
			15	255
			16	254
			16	253
			17	252
			17	251
			18	250
			19	249
			20	248
		</ventral_body>
		<operculum type=matrix rownames=FALSE colnames=FALSE nrow=29 ncol=2 as.numeric=TRUE >
			122	270
			123	269
			124	269
			124	268
			125	267
			126	266
			127	266
			127	265
			128	264
			129	264
			130	263
			130	262
			131	262
			132	261
			132	260
			133	259
			134	259
			134	258
			135	257
			136	257
			137	256
			137	255
			138	254
			139	254
			139	253
			140	252
			141	252
			141	251
			142	250
		</operculum>
	</curves.pixel>
</shapes>

