<shapes type=list>
	<scaling type=logical names=FALSE length=1 as.numeric=FALSE >NA</scaling>
	<landmarks.pixel type=matrix rownames=TRUE colnames=FALSE nrow=15 ncol=2 as.numeric=TRUE >
		pectoral_dors	212	197
		pectoral_vent	217	232
		premax_post	53	202
		upper_jaw	35	191
		dorsal_ant	348	92
		dorsal_post	452	158
		caud_pedunc_dors	488	173
		caud_scale_dors	507	155
		caud_scale_vent	508	223
		caud_pedunc_vent	489	208
		anal_post	456	218
		anal_ant	364	269
		lower_jaw	37	210
		operc_vent	198	201
		oper_dor	215	157
	</landmarks.pixel>
	<curves.control type=list>
		<head type=matrix rownames=FALSE colnames=FALSE nrow=11 ncol=2 as.numeric=TRUE >
			35	191
			51	176
			80	159
			119	139
			146	125
			172	108
			203	96
			240	88
			282	87
			320	92
			348	92
		</head>
		<dorsal type=matrix rownames=FALSE colnames=FALSE nrow=5 ncol=2 as.numeric=TRUE >
			348	92
			380	103
			413	124
			436	142
			452	158
		</dorsal>
		<caudal_dors_ant type=matrix rownames=FALSE colnames=FALSE nrow=3 ncol=2 as.numeric=TRUE >
			452	158
			471	170
			488	173
		</caudal_dors_ant>
		<caud_dors_post type=matrix rownames=FALSE colnames=FALSE nrow=3 ncol=2 as.numeric=TRUE >
			488	173
			497	164
			507	155
		</caud_dors_post>
		<caud_vent_post type=matrix rownames=FALSE colnames=FALSE nrow=3 ncol=2 as.numeric=TRUE >
			508	223
			498	213
			489	208
		</caud_vent_post>
		<caudal_vent_ant type=matrix rownames=FALSE colnames=FALSE nrow=3 ncol=2 as.numeric=TRUE >
			489	208
			472	212
			456	218
		</caudal_vent_ant>
		<anal type=matrix rownames=FALSE colnames=FALSE nrow=3 ncol=2 as.numeric=TRUE >
			456	218
			413	249
			364	269
		</anal>
		<ventral_body type=matrix rownames=FALSE colnames=FALSE nrow=15 ncol=2 as.numeric=TRUE >
			364	269
			350	285
			321	314
			304	321
			288	329
			255	326
			187	298
			153	280
			136	275
			100	258
			78	244
			74	236
			66	236
			52	226
			37	210
		</ventral_body>
		<operculum type=matrix rownames=FALSE colnames=FALSE nrow=3 ncol=2 as.numeric=TRUE >
			198	201
			193	181
			215	157
		</operculum>
	</curves.control>
	<curves.pixel type=list>
		<head type=matrix rownames=FALSE colnames=FALSE nrow=328 ncol=2 as.numeric=TRUE >
			35	191
			36	190
			37	189
			38	188
			39	187
			40	187
			41	186
			42	185
			43	184
			44	183
			45	182
			46	182
			46	181
			47	181
			48	180
			49	180
			49	179
			50	178
			51	178
			52	177
			53	176
			54	176
			55	175
			56	174
			57	174
			58	173
			59	172
			60	171
			61	171
			62	170
			63	169
			64	169
			65	168
			66	167
			67	167
			68	166
			69	166
			70	165
			71	164
			72	164
			73	163
			74	163
			75	162
			76	161
			77	161
			78	160
			79	159
			80	159
			81	158
			82	158
			83	158
			84	157
			85	156
			86	156
			87	155
			88	155
			89	154
			90	154
			91	153
			92	153
			93	152
			94	152
			95	151
			96	151
			97	150
			98	150
			99	149
			100	149
			101	148
			102	148
			103	147
			104	147
			105	146
			106	145
			107	145
			108	145
			108	144
			109	144
			110	144
			110	143
			111	143
			112	143
			112	142
			113	142
			114	142
			114	141
			115	141
			116	140
			117	140
			118	139
			119	139
			120	139
			120	138
			121	138
			122	138
			122	137
			123	137
			124	136
			125	136
			126	135
			127	135
			128	134
			129	134
			130	133
			131	133
			132	132
			133	132
			134	131
			135	131
			136	130
			137	130
			138	129
			139	129
			140	128
			141	128
			142	127
			143	127
			144	126
			145	125
			146	125
			147	124
			148	123
			149	123
			150	123
			150	122
			151	122
			152	121
			153	121
			154	120
			155	119
			156	119
			157	118
			158	118
			158	117
			159	117
			160	116
			161	116
			162	116
			162	115
			163	115
			164	114
			165	114
			165	113
			166	113
			167	112
			168	112
			169	112
			169	111
			170	111
			171	110
			172	110
			173	110
			173	109
			174	109
			175	108
			176	108
			177	108
			178	107
			179	106
			180	106
			181	105
			182	105
			183	104
			184	104
			185	104
			186	103
			187	103
			188	102
			189	102
			190	101
			191	101
			192	100
			193	100
			194	100
			195	99
			196	99
			197	98
			198	98
			199	98
			200	97
			201	97
			202	96
			203	96
			204	96
			205	96
			206	95
			207	95
			208	95
			209	95
			210	94
			211	94
			212	94
			213	94
			214	94
			215	94
			216	93
			217	93
			218	93
			219	93
			220	93
			221	93
			222	92
			223	92
			224	92
			225	92
			226	92
			227	92
			228	91
			229	91
			230	91
			231	91
			232	91
			233	91
			234	91
			235	91
			236	90
			237	90
			238	90
			239	90
			240	90
			241	90
			242	90
			243	90
			244	89
			245	89
			246	89
			247	89
			248	89
			249	89
			250	89
			251	89
			252	89
			253	89
			254	88
			255	88
			256	88
			257	88
			258	88
			259	88
			260	88
			261	88
			262	88
			263	88
			264	88
			265	88
			266	88
			267	88
			268	88
			269	87
			270	87
			271	87
			272	87
			273	87
			274	87
			275	87
			276	87
			277	87
			278	87
			279	87
			280	87
			281	87
			282	87
			283	87
			284	87
			285	87
			286	88
			287	88
			288	88
			289	88
			290	88
			291	88
			292	88
			293	88
			294	88
			295	89
			296	89
			297	89
			298	89
			299	89
			300	89
			301	89
			302	89
			303	89
			304	90
			305	90
			306	90
			307	90
			308	90
			309	90
			310	90
			311	90
			312	90
			313	90
			314	90
			315	91
			316	91
			317	91
			318	91
			319	91
			320	91
			321	91
			322	91
			323	91
			324	91
			325	91
			326	91
			327	91
			328	91
			329	92
			330	92
			331	92
			332	92
			333	92
			334	92
			335	92
			336	92
			337	92
			338	92
			339	92
			340	92
			341	92
			342	92
			343	92
			344	92
			345	92
			346	92
			347	92
			348	92
		</head>
		<dorsal type=matrix rownames=FALSE colnames=FALSE nrow=117 ncol=2 as.numeric=TRUE >
			348	92
			349	92
			350	93
			351	93
			352	93
			353	94
			354	94
			355	95
			356	95
			357	95
			358	96
			359	96
			360	97
			361	97
			362	97
			363	98
			364	98
			365	98
			365	99
			366	99
			367	99
			368	100
			369	100
			370	101
			371	101
			372	102
			373	102
			374	103
			375	103
			376	103
			377	104
			378	104
			379	105
			380	105
			380	106
			381	106
			382	106
			383	107
			384	107
			385	108
			386	108
			387	109
			388	109
			389	110
			390	111
			391	111
			392	112
			393	112
			394	113
			395	113
			396	114
			397	114
			398	115
			399	115
			399	116
			400	116
			401	117
			402	117
			402	118
			403	118
			404	118
			405	119
			406	119
			406	120
			407	120
			408	121
			409	121
			410	122
			411	123
			412	123
			413	124
			414	125
			415	126
			416	127
			417	127
			418	128
			419	128
			419	129
			420	130
			421	130
			422	131
			422	132
			423	132
			424	133
			425	133
			425	134
			426	135
			427	135
			428	136
			429	137
			430	138
			431	139
			432	140
			433	140
			434	141
			434	142
			435	142
			436	143
			437	144
			438	144
			438	145
			439	146
			440	147
			441	147
			441	148
			442	149
			443	149
			444	150
			444	151
			445	151
			446	152
			447	153
			448	154
			449	155
			450	156
			451	157
			452	158
		</dorsal>
		<caudal_dors_ant type=matrix rownames=FALSE colnames=FALSE nrow=37 ncol=2 as.numeric=TRUE >
			452	158
			453	159
			454	159
			455	160
			456	160
			457	161
			458	161
			459	162
			460	163
			461	163
			462	164
			463	164
			464	165
			465	165
			466	166
			467	166
			468	167
			469	167
			470	167
			471	168
			472	168
			473	169
			474	169
			475	170
			476	170
			477	170
			478	170
			479	171
			480	171
			481	171
			482	172
			483	172
			484	172
			485	172
			486	173
			487	173
			488	173
		</caudal_dors_ant>
		<caud_dors_post type=matrix rownames=FALSE colnames=FALSE nrow=22 ncol=2 as.numeric=TRUE >
			488	173
			489	172
			490	171
			491	170
			492	169
			493	168
			494	167
			495	166
			496	165
			497	165
			497	164
			498	163
			499	162
			500	161
			501	160
			502	160
			503	159
			504	158
			505	157
			505	156
			506	156
			507	155
		</caud_dors_post>
		<caud_vent_post type=matrix rownames=FALSE colnames=FALSE nrow=21 ncol=2 as.numeric=TRUE >
			508	223
			507	222
			506	221
			505	220
			504	219
			503	218
			502	217
			501	216
			500	216
			499	215
			498	214
			497	213
			496	213
			495	212
			494	211
			493	211
			493	210
			492	210
			491	209
			490	208
			489	208
		</caud_vent_post>
		<caudal_vent_ant type=matrix rownames=FALSE colnames=FALSE nrow=35 ncol=2 as.numeric=TRUE >
			489	208
			488	208
			487	208
			486	209
			485	209
			484	209
			483	209
			482	210
			481	210
			480	210
			479	210
			478	211
			477	211
			476	211
			475	212
			474	212
			473	212
			472	212
			472	213
			471	213
			470	213
			469	214
			468	214
			467	214
			466	215
			465	215
			464	215
			463	215
			462	216
			461	216
			460	216
			459	217
			458	217
			457	217
			456	218
		</caudal_vent_ant>
		<anal type=matrix rownames=FALSE colnames=FALSE nrow=97 ncol=2 as.numeric=TRUE >
			456	218
			455	219
			454	219
			454	220
			453	220
			452	221
			451	221
			450	222
			449	223
			448	224
			447	224
			446	225
			445	226
			444	226
			443	227
			442	228
			441	228
			440	229
			439	230
			438	230
			437	231
			436	232
			435	232
			434	233
			433	234
			432	234
			431	235
			430	236
			429	236
			428	237
			427	237
			426	238
			425	239
			424	239
			423	240
			422	240
			421	241
			420	241
			419	242
			418	243
			417	243
			416	244
			415	244
			415	245
			414	245
			413	245
			412	246
			411	247
			410	247
			409	248
			408	248
			407	249
			406	249
			405	250
			404	250
			404	251
			403	251
			402	252
			401	252
			400	252
			399	253
			398	253
			397	254
			396	254
			395	255
			394	255
			393	256
			392	256
			392	257
			391	257
			390	258
			389	258
			388	258
			387	259
			386	259
			385	260
			384	260
			383	261
			382	261
			381	262
			380	262
			379	262
			378	263
			377	263
			376	264
			375	265
			374	265
			373	265
			372	266
			371	266
			370	266
			369	267
			368	267
			367	268
			366	268
			365	269
			364	269
		</anal>
		<ventral_body type=matrix rownames=FALSE colnames=FALSE nrow=350 ncol=2 as.numeric=TRUE >
			364	269
			363	270
			362	271
			361	272
			360	273
			359	274
			359	275
			358	276
			357	277
			356	277
			356	278
			355	279
			354	280
			353	281
			352	282
			352	283
			351	284
			350	285
			349	285
			348	286
			347	287
			346	288
			345	289
			344	290
			343	291
			343	292
			342	293
			341	293
			341	294
			340	295
			339	295
			339	296
			338	297
			337	298
			336	299
			335	300
			334	301
			333	302
			332	303
			331	304
			330	305
			329	306
			328	307
			327	308
			326	309
			325	310
			324	311
			323	312
			322	313
			321	314
			320	314
			319	315
			318	315
			317	316
			316	316
			315	317
			314	317
			313	317
			312	318
			311	318
			310	319
			309	319
			308	319
			308	320
			307	320
			306	321
			305	321
			304	321
			303	322
			302	322
			301	323
			300	323
			299	323
			299	324
			298	324
			297	325
			296	325
			295	326
			294	326
			293	326
			292	327
			291	327
			291	328
			290	328
			289	329
			288	329
			287	329
			286	329
			285	329
			284	329
			283	328
			282	328
			281	328
			280	328
			279	328
			278	328
			277	327
			276	327
			275	327
			274	327
			273	327
			272	327
			271	326
			270	326
			269	326
			268	326
			267	325
			266	325
			265	325
			264	325
			263	324
			262	324
			261	324
			260	324
			259	323
			258	323
			257	323
			256	323
			255	322
			254	322
			253	322
			252	321
			251	321
			250	321
			249	320
			248	320
			247	320
			246	320
			245	319
			244	319
			243	319
			242	319
			242	318
			241	318
			240	318
			239	317
			238	317
			237	317
			236	316
			235	316
			234	316
			233	315
			232	315
			231	315
			230	314
			229	314
			228	314
			227	313
			226	313
			225	313
			224	312
			223	312
			222	312
			221	311
			220	311
			219	310
			218	310
			217	310
			216	309
			215	309
			214	309
			213	308
			212	308
			211	308
			210	307
			209	307
			208	306
			207	306
			206	306
			205	305
			204	305
			203	305
			202	304
			201	304
			200	303
			199	303
			198	303
			197	302
			196	302
			195	301
			194	301
			193	300
			192	300
			191	300
			190	299
			189	299
			188	298
			187	298
			186	298
			186	297
			185	297
			184	296
			183	296
			182	295
			181	295
			180	294
			179	294
			178	293
			177	293
			176	292
			175	292
			174	291
			173	291
			172	290
			171	290
			170	289
			169	289
			168	288
			167	288
			166	288
			166	287
			165	287
			164	286
			163	286
			162	285
			161	285
			160	285
			160	284
			159	284
			158	284
			157	283
			156	283
			155	282
			154	282
			153	281
			152	281
			151	281
			150	280
			149	280
			148	279
			147	279
			146	278
			145	278
			144	278
			143	277
			142	277
			141	277
			140	276
			139	276
			138	276
			137	275
			136	275
			135	274
			134	274
			133	274
			133	273
			132	273
			131	273
			131	272
			130	272
			129	272
			129	271
			128	271
			127	271
			127	270
			126	270
			125	270
			124	269
			123	269
			122	268
			121	268
			120	267
			119	267
			118	266
			117	266
			116	265
			115	265
			114	264
			113	264
			113	263
			112	263
			111	263
			110	262
			109	262
			108	261
			107	261
			106	260
			105	259
			104	259
			103	258
			102	258
			101	257
			100	257
			99	256
			98	256
			97	255
			96	255
			95	254
			94	254
			93	253
			92	253
			92	252
			91	252
			90	251
			89	251
			88	250
			87	250
			86	249
			85	248
			84	248
			83	247
			82	246
			81	246
			80	245
			79	245
			78	244
			78	243
			77	243
			77	242
			76	241
			75	240
			75	239
			74	238
			73	238
			72	237
			71	237
			70	237
			69	236
			68	236
			67	236
			66	236
			65	235
			64	235
			63	234
			62	233
			61	232
			60	232
			59	231
			58	230
			57	229
			56	228
			55	227
			54	227
			53	226
			52	225
			51	224
			50	223
			49	222
			48	221
			47	220
			46	219
			45	218
			44	217
			43	216
			42	215
			41	214
			40	213
			39	212
			38	211
			37	210
		</ventral_body>
		<operculum type=matrix rownames=FALSE colnames=FALSE nrow=47 ncol=2 as.numeric=TRUE >
			198	201
			198	200
			198	199
			197	199
			197	198
			197	197
			197	196
			197	195
			197	194
			197	193
			197	192
			197	191
			197	190
			197	189
			198	188
			198	187
			198	186
			198	185
			198	184
			199	183
			199	182
			199	181
			200	180
			200	179
			201	178
			201	177
			201	176
			202	175
			202	174
			203	173
			204	172
			204	171
			205	170
			205	169
			206	168
			207	167
			207	166
			208	165
			209	164
			209	163
			210	163
			211	162
			212	161
			213	160
			214	159
			214	158
			215	157
		</operculum>
	</curves.pixel>
</shapes>

