<shapes type=list>
	<scaling type=logical names=FALSE length=1 as.numeric=FALSE >NA</scaling>
	<landmarks.pixel type=matrix rownames=TRUE colnames=FALSE nrow=15 ncol=2 as.numeric=TRUE >
		pectoral_dors	200	130
		pectoral_vent	210	190
		premax_post	38	138
		upper_jaw	29	130
		dorsal_ant	331	77
		dorsal_post	362	90
		caud_pedunc_dors	455	121
		caud_scale_dors	476	117
		caud_scale_vent	472	155
		caud_pedunc_vent	454	149
		anal_post	415	156
		anal_ant	384	165
		lower_jaw	31	144
		operc_vent	187	167
		oper_dor	184	118
	</landmarks.pixel>
	<curves.control type=list>
		<head type=matrix rownames=FALSE colnames=FALSE nrow=13 ncol=2 as.numeric=TRUE >
			29	130
			36	119
			43	109
			60	94
			100	58
			135	39
			170	48
			188	56
			191	61
			213	63
			270	68
			309	75
			331	77
		</head>
		<dorsal type=matrix rownames=FALSE colnames=FALSE nrow=3 ncol=2 as.numeric=TRUE >
			331	77
			350	84
			362	90
		</dorsal>
		<caudal_dors_ant type=matrix rownames=FALSE colnames=FALSE nrow=5 ncol=2 as.numeric=TRUE >
			362	90
			374	100
			393	107
			422	111
			455	121
		</caudal_dors_ant>
		<caud_dors_post type=matrix rownames=FALSE colnames=FALSE nrow=3 ncol=2 as.numeric=TRUE >
			455	121
			465	119
			476	117
		</caud_dors_post>
		<caud_vent_post type=matrix rownames=FALSE colnames=FALSE nrow=3 ncol=2 as.numeric=TRUE >
			472	155
			463	151
			454	149
		</caud_vent_post>
		<caudal_vent_ant type=matrix rownames=FALSE colnames=FALSE nrow=3 ncol=2 as.numeric=TRUE >
			454	149
			434	149
			415	156
		</caudal_vent_ant>
		<anal type=matrix rownames=FALSE colnames=FALSE nrow=3 ncol=2 as.numeric=TRUE >
			415	156
			399	161
			384	165
		</anal>
		<ventral_body type=matrix rownames=FALSE colnames=FALSE nrow=11 ncol=2 as.numeric=TRUE >
			384	165
			359	178
			300	192
			216	199
			170	197
			117	192
			95	191
			54	181
			40	168
			33	159
			31	144
		</ventral_body>
		<operculum type=matrix rownames=FALSE colnames=FALSE nrow=3 ncol=2 as.numeric=TRUE >
			187	167
			171	148
			184	118
		</operculum>
	</curves.control>
	<curves.pixel type=list>
		<head type=matrix rownames=FALSE colnames=FALSE nrow=322 ncol=2 as.numeric=TRUE >
			29	130
			29	129
			30	128
			31	127
			32	126
			32	125
			33	124
			33	123
			34	122
			35	121
			36	120
			36	119
			37	118
			38	117
			38	116
			39	115
			40	114
			41	113
			41	112
			42	111
			42	110
			43	110
			43	109
			44	108
			45	107
			46	107
			46	106
			47	105
			48	104
			49	104
			50	103
			51	102
			52	101
			53	100
			54	99
			55	98
			56	97
			57	96
			58	96
			59	95
			60	94
			61	93
			62	92
			63	91
			64	90
			65	90
			66	89
			66	88
			67	87
			68	86
			69	86
			70	85
			71	84
			72	83
			73	82
			74	81
			75	80
			76	79
			77	78
			78	78
			79	77
			80	76
			81	75
			82	74
			83	74
			83	73
			84	72
			85	72
			85	71
			86	71
			87	70
			87	69
			88	69
			89	68
			90	67
			91	66
			92	65
			93	64
			94	63
			95	63
			96	62
			97	61
			98	60
			99	59
			100	58
			101	57
			102	57
			103	56
			104	56
			105	55
			106	55
			107	54
			108	54
			109	54
			110	53
			111	53
			112	52
			113	52
			114	52
			115	51
			116	51
			117	51
			117	50
			118	50
			119	50
			120	49
			121	49
			122	49
			123	48
			124	48
			125	48
			126	48
			127	47
			128	47
			129	47
			130	47
			131	47
			132	47
			133	46
			134	46
			135	46
			136	46
			137	46
			138	46
			139	46
			139	45
			140	45
			141	45
			142	45
			143	45
			144	45
			145	45
			146	45
			147	45
			148	45
			149	45
			150	45
			151	45
			152	45
			153	45
			154	45
			155	45
			156	45
			157	46
			158	46
			159	46
			160	46
			161	46
			162	46
			163	46
			164	47
			165	47
			166	47
			167	47
			168	47
			169	48
			170	48
			171	48
			171	49
			172	49
			173	49
			174	50
			175	50
			176	51
			177	52
			178	52
			179	52
			180	53
			181	53
			181	54
			182	54
			183	54
			183	55
			184	55
			185	55
			185	56
			186	56
			187	57
			188	58
			189	59
			190	60
			191	61
			192	61
			193	61
			194	61
			195	61
			196	61
			197	62
			198	62
			199	62
			200	62
			201	62
			202	62
			203	62
			204	62
			205	62
			206	62
			207	62
			208	63
			209	63
			210	63
			211	63
			212	63
			213	63
			214	63
			215	63
			216	63
			217	63
			218	63
			219	64
			220	64
			221	64
			222	64
			223	64
			224	64
			225	64
			226	64
			227	64
			228	64
			229	64
			230	65
			231	65
			232	65
			233	65
			234	65
			235	65
			236	65
			237	65
			238	65
			239	65
			240	65
			241	65
			242	66
			243	66
			244	66
			245	66
			246	66
			247	66
			248	66
			249	66
			250	66
			251	66
			252	66
			253	67
			254	67
			255	67
			256	67
			257	67
			258	67
			259	67
			260	67
			261	67
			262	67
			263	67
			264	67
			265	68
			266	68
			267	68
			268	68
			269	68
			270	68
			271	68
			272	68
			273	69
			274	69
			275	69
			276	69
			277	69
			278	69
			279	70
			280	70
			281	70
			282	70
			283	70
			284	70
			285	71
			286	71
			287	71
			288	71
			289	71
			290	72
			291	72
			292	72
			293	72
			294	72
			295	72
			296	72
			297	73
			298	73
			299	73
			300	73
			301	73
			302	73
			303	73
			304	74
			305	74
			306	74
			307	74
			308	74
			309	74
			310	75
			311	75
			312	75
			313	75
			314	75
			315	75
			316	75
			317	75
			318	76
			319	76
			320	76
			321	76
			322	76
			323	76
			324	76
			325	76
			326	77
			327	77
			328	77
			329	77
			330	77
			331	77
		</head>
		<dorsal type=matrix rownames=FALSE colnames=FALSE nrow=35 ncol=2 as.numeric=TRUE >
			331	77
			332	77
			333	78
			334	78
			335	79
			336	79
			337	79
			338	80
			339	80
			340	81
			341	81
			342	81
			343	82
			344	82
			345	82
			346	83
			347	83
			348	84
			349	84
			350	84
			350	85
			351	85
			352	85
			353	86
			354	86
			355	87
			356	87
			357	87
			357	88
			358	88
			359	89
			360	89
			361	89
			361	90
			362	90
		</dorsal>
		<caudal_dors_ant type=matrix rownames=FALSE colnames=FALSE nrow=97 ncol=2 as.numeric=TRUE >
			362	90
			363	91
			364	92
			365	92
			366	93
			367	94
			368	95
			369	95
			370	96
			371	97
			372	97
			373	97
			373	98
			374	98
			375	99
			376	99
			376	100
			377	100
			378	100
			379	101
			380	102
			381	102
			382	102
			383	103
			384	103
			385	104
			386	104
			387	105
			388	105
			389	106
			390	106
			391	106
			392	107
			393	107
			394	107
			395	107
			396	107
			397	108
			398	108
			399	108
			400	108
			401	108
			402	108
			403	109
			404	109
			405	109
			406	109
			407	109
			408	109
			409	110
			410	110
			411	110
			412	110
			413	110
			414	111
			415	111
			416	111
			417	111
			418	111
			419	112
			420	112
			421	112
			422	112
			423	112
			423	113
			424	113
			425	113
			426	113
			427	114
			428	114
			429	114
			430	114
			431	114
			432	115
			433	115
			434	115
			435	115
			436	116
			437	116
			438	116
			439	116
			440	117
			441	117
			442	117
			443	118
			444	118
			445	118
			446	118
			447	119
			448	119
			449	119
			450	120
			451	120
			452	120
			453	121
			454	121
			455	121
		</caudal_dors_ant>
		<caud_dors_post type=matrix rownames=FALSE colnames=FALSE nrow=22 ncol=2 as.numeric=TRUE >
			455	121
			456	121
			457	121
			458	120
			459	120
			460	120
			461	120
			462	120
			463	120
			464	119
			465	119
			466	119
			467	119
			468	119
			469	118
			470	118
			471	118
			472	118
			473	118
			474	117
			475	117
			476	117
		</caud_dors_post>
		<caud_vent_post type=matrix rownames=FALSE colnames=FALSE nrow=20 ncol=2 as.numeric=TRUE >
			472	155
			471	155
			470	154
			469	154
			468	153
			467	153
			466	153
			465	152
			464	152
			463	152
			463	151
			462	151
			461	151
			460	150
			459	150
			458	150
			457	150
			456	149
			455	149
			454	149
		</caud_vent_post>
		<caudal_vent_ant type=matrix rownames=FALSE colnames=FALSE nrow=41 ncol=2 as.numeric=TRUE >
			454	149
			453	149
			452	149
			451	149
			450	149
			449	149
			448	149
			447	149
			446	149
			445	149
			444	149
			443	150
			442	150
			441	150
			440	150
			439	150
			438	150
			437	150
			436	150
			435	151
			434	151
			433	151
			432	151
			431	151
			430	152
			429	152
			428	152
			427	152
			426	152
			425	153
			424	153
			423	153
			423	154
			422	154
			421	154
			420	154
			419	155
			418	155
			417	155
			416	156
			415	156
		</caudal_vent_ant>
		<anal type=matrix rownames=FALSE colnames=FALSE nrow=33 ncol=2 as.numeric=TRUE >
			415	156
			414	156
			413	157
			412	157
			411	157
			410	158
			409	158
			408	158
			407	158
			406	159
			405	159
			404	159
			403	160
			402	160
			401	160
			400	160
			399	161
			398	161
			397	161
			397	162
			396	162
			395	162
			394	162
			393	163
			392	163
			391	163
			390	163
			389	164
			388	164
			387	164
			386	164
			385	165
			384	165
		</anal>
		<ventral_body type=matrix rownames=FALSE colnames=FALSE nrow=379 ncol=2 as.numeric=TRUE >
			384	165
			383	165
			383	166
			382	166
			381	166
			381	167
			380	167
			379	167
			378	168
			377	168
			376	169
			375	169
			374	170
			373	170
			372	171
			371	171
			370	171
			369	172
			368	172
			367	173
			366	173
			365	173
			364	174
			363	174
			362	174
			361	175
			360	175
			359	175
			359	176
			358	176
			357	176
			356	176
			355	177
			354	177
			353	177
			352	178
			351	178
			350	178
			349	179
			348	179
			347	179
			346	180
			345	180
			344	180
			343	180
			342	181
			341	181
			340	181
			339	182
			338	182
			337	182
			336	183
			335	183
			334	183
			333	184
			332	184
			331	184
			330	184
			329	185
			328	185
			327	185
			326	186
			325	186
			324	186
			323	186
			322	186
			321	187
			320	187
			319	187
			318	188
			317	188
			316	188
			315	188
			314	189
			313	189
			312	189
			311	189
			310	190
			309	190
			308	190
			307	190
			306	191
			305	191
			304	191
			303	191
			302	192
			301	192
			300	192
			299	192
			298	192
			297	192
			296	192
			295	192
			294	192
			293	193
			292	193
			291	193
			290	193
			289	193
			288	193
			287	193
			286	193
			285	193
			284	193
			283	193
			282	193
			281	194
			280	194
			279	194
			278	194
			277	194
			276	194
			275	194
			274	194
			273	194
			272	194
			271	194
			270	194
			269	194
			268	194
			267	195
			266	195
			265	195
			264	195
			263	195
			262	195
			261	195
			260	195
			259	195
			258	195
			257	195
			256	195
			255	195
			254	195
			253	195
			252	195
			251	195
			251	196
			250	196
			249	196
			248	196
			247	196
			246	196
			245	196
			244	196
			243	196
			242	196
			241	196
			240	196
			239	196
			238	196
			237	196
			236	196
			235	196
			234	196
			233	196
			232	197
			231	197
			230	197
			229	197
			228	197
			227	197
			226	197
			225	197
			224	197
			223	197
			222	197
			221	197
			220	197
			219	197
			218	197
			217	197
			216	197
			215	197
			214	197
			213	197
			212	197
			211	197
			210	197
			209	197
			208	197
			207	197
			206	197
			205	197
			204	197
			203	197
			202	197
			201	197
			200	197
			199	197
			198	197
			197	197
			196	197
			195	197
			194	197
			193	197
			192	197
			191	197
			190	197
			189	197
			188	197
			187	197
			186	197
			185	197
			184	197
			183	197
			182	197
			181	197
			180	197
			179	197
			178	197
			177	197
			176	197
			175	197
			174	197
			173	197
			172	197
			171	197
			170	197
			169	197
			168	197
			167	197
			166	197
			165	197
			164	196
			163	196
			162	196
			161	196
			160	196
			159	196
			158	196
			157	196
			156	196
			155	196
			154	196
			153	195
			152	195
			151	195
			150	195
			149	195
			148	195
			147	195
			146	195
			145	195
			144	195
			143	195
			143	194
			142	194
			141	194
			140	194
			139	194
			138	194
			137	194
			136	194
			135	194
			134	194
			133	194
			132	194
			131	193
			130	193
			129	193
			128	193
			127	193
			126	193
			125	193
			124	193
			123	193
			122	193
			121	193
			120	193
			119	193
			118	192
			117	192
			116	192
			115	192
			114	192
			113	192
			112	192
			111	192
			110	192
			109	192
			108	192
			107	192
			106	192
			105	192
			104	191
			103	191
			102	191
			101	191
			100	191
			99	191
			98	191
			97	191
			96	191
			95	191
			94	191
			93	190
			92	190
			91	190
			90	190
			89	189
			88	189
			87	189
			86	189
			85	188
			84	188
			83	188
			82	188
			81	187
			80	187
			79	187
			78	187
			78	186
			77	186
			76	186
			75	185
			74	185
			73	185
			72	185
			72	184
			71	184
			70	184
			69	183
			68	183
			67	183
			66	182
			65	182
			64	182
			63	181
			62	181
			61	180
			60	180
			59	179
			58	179
			57	179
			56	178
			55	178
			54	177
			53	177
			52	176
			51	176
			50	175
			49	174
			48	174
			47	173
			46	173
			45	172
			44	171
			43	171
			42	170
			41	169
			41	168
			40	168
			40	167
			39	167
			39	166
			38	166
			38	165
			38	164
			37	163
			36	162
			36	161
			35	160
			35	159
			34	158
			34	157
			34	156
			33	155
			33	154
			33	153
			32	152
			32	151
			32	150
			32	149
			32	148
			31	147
			31	146
			31	145
			31	144
		</ventral_body>
		<operculum type=matrix rownames=FALSE colnames=FALSE nrow=50 ncol=2 as.numeric=TRUE >
			187	167
			186	166
			185	165
			185	164
			184	163
			183	162
			183	161
			182	160
			182	159
			181	158
			181	157
			181	156
			180	155
			180	154
			180	153
			179	152
			179	151
			179	150
			179	149
			178	148
			178	147
			178	146
			178	145
			178	144
			178	143
			178	142
			178	141
			178	140
			178	139
			178	138
			179	137
			179	136
			179	135
			179	134
			179	133
			179	132
			180	131
			180	130
			180	129
			180	128
			181	127
			181	126
			181	125
			182	124
			182	123
			182	122
			183	121
			183	120
			184	119
			184	118
		</operculum>
	</curves.pixel>
</shapes>

